384 , 383 , 384 , 383 , 384 , 383 , 384 , 383 , 384 , 383 , 384 , 383 , 384 , 383 , 384 , 383 , 384 , 383 , 384 , 383 , 384 , 383 , 384 , 383 , 384 , 383 , 384 , 383 , 384 , 383 , 384 , 383 ,  
382 , 381 , 382 , 381 , 382 , 381 , 382 , 381 , 382 , 381 , 382 , 381 , 382 , 381 , 382 , 381 , 382 , 381 , 382 , 381 , 382 , 381 , 382 , 381 , 382 , 381 , 382 , 381 , 382 , 381 , 382 , 381 ,  
380 , 379 , 380 , 379 , 380 , 379 , 380 , 379 , 380 , 379 , 380 , 379 , 380 , 379 , 380 , 379 , 380 , 379 , 380 , 379 , 380 , 379 , 380 , 379 , 380 , 379 , 380 , 379 , 380 , 379 , 380 , 379 ,  
378 , 377 , 378 , 377 , 378 , 377 , 378 , 377 , 378 , 377 , 378 , 377 , 378 , 377 , 378 , 377 , 378 , 377 , 378 , 377 , 378 , 377 , 378 , 377 , 378 , 377 , 378 , 377 , 378 , 377 , 378 , 377 ,  
376 , 375 , 376 , 375 , 376 , 375 , 376 , 375 , 376 , 375 , 376 , 375 , 376 , 375 , 376 , 375 , 376 , 375 , 376 , 375 , 376 , 375 , 376 , 375 , 376 , 375 , 376 , 375 , 376 , 375 , 376 , 375 ,  
374 , 373 , 374 , 373 , 374 , 373 , 374 , 373 , 374 , 373 , 374 , 373 , 374 , 373 , 374 , 373 , 374 , 373 , 374 , 373 , 374 , 373 , 374 , 373 , 374 , 373 , 374 , 373 , 374 , 373 , 374 , 373 ,  
372 , 371 , 372 , 371 , 372 , 371 , 372 , 371 , 372 , 371 , 372 , 371 , 372 , 371 , 372 , 371 , 372 , 371 , 372 , 371 , 372 , 371 , 372 , 371 , 372 , 371 , 372 , 371 , 372 , 371 , 372 , 371 ,  
371 , 370 , 371 , 370 , 371 , 370 , 371 , 370 , 371 , 370 , 371 , 370 , 371 , 370 , 371 , 370 , 371 , 370 , 371 , 370 , 371 , 370 , 371 , 370 , 371 , 370 , 371 , 370 , 371 , 370 , 371 , 370 ,  
369 , 368 , 369 , 368 , 369 , 368 , 369 , 368 , 369 , 368 , 369 , 368 , 369 , 368 , 369 , 368 , 369 , 368 , 369 , 368 , 369 , 368 , 369 , 368 , 369 , 368 , 369 , 368 , 369 , 368 , 369 , 368 ,  
367 , 366 , 367 , 366 , 367 , 366 , 367 , 366 , 367 , 366 , 367 , 366 , 367 , 366 , 367 , 366 , 367 , 366 , 367 , 366 , 367 , 366 , 367 , 366 , 367 , 366 , 367 , 366 , 367 , 366 , 367 , 366 ,  
365 , 364 , 365 , 364 , 365 , 364 , 365 , 364 , 365 , 364 , 365 , 364 , 365 , 364 , 365 , 364 , 365 , 364 , 365 , 364 , 365 , 364 , 365 , 364 , 365 , 364 , 365 , 364 , 365 , 364 , 365 , 364 ,  
364 , 363 , 364 , 363 , 364 , 363 , 364 , 363 , 364 , 363 , 364 , 363 , 364 , 363 , 364 , 363 , 364 , 363 , 364 , 363 , 364 , 363 , 364 , 363 , 364 , 363 , 364 , 363 , 364 , 363 , 364 , 363 ,  
362 , 361 , 362 , 361 , 362 , 361 , 362 , 361 , 362 , 361 , 362 , 361 , 362 , 361 , 362 , 361 , 362 , 361 , 362 , 361 , 362 , 361 , 362 , 361 , 362 , 361 , 362 , 361 , 362 , 361 , 362 , 361 ,  
360 , 359 , 360 , 359 , 360 , 359 , 360 , 359 , 360 , 359 , 360 , 359 , 360 , 359 , 360 , 359 , 360 , 359 , 360 , 359 , 360 , 359 , 360 , 359 , 360 , 359 , 360 , 359 , 360 , 359 , 360 , 359 ,  
359 , 358 , 359 , 358 , 359 , 358 , 359 , 358 , 359 , 358 , 359 , 358 , 359 , 358 , 359 , 358 , 359 , 358 , 359 , 358 , 359 , 358 , 359 , 358 , 359 , 358 , 359 , 358 , 359 , 358 , 359 , 358 ,  
357 , 356 , 357 , 356 , 357 , 356 , 357 , 356 , 357 , 356 , 357 , 356 , 357 , 356 , 357 , 356 , 357 , 356 , 357 , 356 , 357 , 356 , 357 , 356 , 357 , 356 , 357 , 356 , 357 , 356 , 357 , 356 ,  
355 , 355 , 355 , 355 , 355 , 355 , 355 , 355 , 355 , 355 , 355 , 355 , 355 , 355 , 355 , 355 , 355 , 355 , 355 , 355 , 355 , 355 , 355 , 355 , 355 , 355 , 355 , 355 , 355 , 355 , 355 , 355 ,  
354 , 353 , 354 , 353 , 354 , 353 , 354 , 353 , 354 , 353 , 354 , 353 , 354 , 353 , 354 , 353 , 354 , 353 , 354 , 353 , 354 , 353 , 354 , 353 , 354 , 353 , 354 , 353 , 354 , 353 , 354 , 353 ,  
352 , 351 , 352 , 351 , 352 , 351 , 352 , 351 , 352 , 351 , 352 , 351 , 352 , 351 , 352 , 351 , 352 , 351 , 352 , 351 , 352 , 351 , 352 , 351 , 352 , 351 , 352 , 351 , 352 , 351 , 352 , 351 ,  
351 , 350 , 351 , 350 , 351 , 350 , 351 , 350 , 351 , 350 , 351 , 350 , 351 , 350 , 351 , 350 , 351 , 350 , 351 , 350 , 351 , 350 , 351 , 350 , 351 , 350 , 351 , 350 , 351 , 350 , 351 , 350 ,  
349 , 348 , 349 , 348 , 349 , 348 , 349 , 348 , 349 , 348 , 349 , 348 , 349 , 348 , 349 , 348 , 349 , 348 , 349 , 348 , 349 , 348 , 349 , 348 , 349 , 348 , 349 , 348 , 349 , 348 , 349 , 348 ,  
348 , 347 , 348 , 347 , 348 , 347 , 348 , 347 , 348 , 347 , 348 , 347 , 348 , 347 , 348 , 347 , 348 , 347 , 348 , 347 , 348 , 347 , 348 , 347 , 348 , 347 , 348 , 347 , 348 , 347 , 348 , 347 ,  
346 , 345 , 346 , 345 , 346 , 345 , 346 , 345 , 346 , 345 , 346 , 345 , 346 , 345 , 346 , 345 , 346 , 345 , 346 , 345 , 346 , 345 , 346 , 345 , 346 , 345 , 346 , 345 , 346 , 345 , 346 , 345 ,  
345 , 344 , 345 , 344 , 345 , 344 , 345 , 344 , 345 , 344 , 345 , 344 , 345 , 344 , 345 , 344 , 345 , 344 , 345 , 344 , 345 , 344 , 345 , 344 , 345 , 344 , 345 , 344 , 345 , 344 , 345 , 344 ,  
343 , 342 , 343 , 342 , 343 , 342 , 343 , 342 , 343 , 342 , 343 , 342 , 343 , 342 , 343 , 342 , 343 , 342 , 343 , 342 , 343 , 342 , 343 , 342 , 343 , 342 , 343 , 342 , 343 , 342 , 343 , 342 ,  
342 , 341 , 342 , 341 , 342 , 341 , 342 , 341 , 342 , 341 , 342 , 341 , 342 , 341 , 342 , 341 , 342 , 341 , 342 , 341 , 342 , 341 , 342 , 341 , 342 , 341 , 342 , 341 , 342 , 341 , 342 , 341 ,  
340 , 339 , 340 , 339 , 340 , 339 , 340 , 339 , 340 , 339 , 340 , 339 , 340 , 339 , 340 , 339 , 340 , 339 , 340 , 339 , 340 , 339 , 340 , 339 , 340 , 339 , 340 , 339 , 340 , 339 , 340 , 339 ,  
339 , 338 , 339 , 338 , 339 , 338 , 339 , 338 , 339 , 338 , 339 , 338 , 339 , 338 , 339 , 338 , 339 , 338 , 339 , 338 , 339 , 338 , 339 , 338 , 339 , 338 , 339 , 338 , 339 , 338 , 339 , 338 ,  
337 , 336 , 337 , 336 , 337 , 336 , 337 , 336 , 337 , 336 , 337 , 336 , 337 , 336 , 337 , 336 , 337 , 336 , 337 , 336 , 337 , 336 , 337 , 336 , 337 , 336 , 337 , 336 , 337 , 336 , 337 , 336 ,  
336 , 335 , 336 , 335 , 336 , 335 , 336 , 335 , 336 , 335 , 336 , 335 , 336 , 335 , 336 , 335 , 336 , 335 , 336 , 335 , 336 , 335 , 336 , 335 , 336 , 335 , 336 , 335 , 336 , 335 , 336 , 335 ,  
334 , 333 , 334 , 333 , 334 , 333 , 334 , 333 , 334 , 333 , 334 , 333 , 334 , 333 , 334 , 333 , 334 , 333 , 334 , 333 , 334 , 333 , 334 , 333 , 334 , 333 , 334 , 333 , 334 , 333 , 334 , 333 ,  
333 , 332 , 333 , 332 , 333 , 332 , 333 , 332 , 333 , 332 , 333 , 332 , 333 , 332 , 333 , 332 , 333 , 332 , 333 , 332 , 333 , 332 , 333 , 332 , 333 , 332 , 333 , 332 , 333 , 332 , 333 , 332 ,  
331 , 331 , 331 , 331 , 331 , 331 , 331 , 331 , 331 , 331 , 331 , 331 , 331 , 331 , 331 , 331 , 331 , 331 , 331 , 331 , 331 , 331 , 331 , 331 , 331 , 331 , 331 , 331 , 331 , 331 , 331 , 331 ,  
330 , 329 , 330 , 329 , 330 , 329 , 330 , 329 , 330 , 329 , 330 , 329 , 330 , 329 , 330 , 329 , 330 , 329 , 330 , 329 , 330 , 329 , 330 , 329 , 330 , 329 , 330 , 329 , 330 , 329 , 330 , 329 ,  
329 , 328 , 329 , 328 , 329 , 328 , 329 , 328 , 329 , 328 , 329 , 328 , 329 , 328 , 329 , 328 , 329 , 328 , 329 , 328 , 329 , 328 , 329 , 328 , 329 , 328 , 329 , 328 , 329 , 328 , 329 , 328 ,  
327 , 326 , 327 , 326 , 327 , 326 , 327 , 326 , 327 , 326 , 327 , 326 , 327 , 326 , 327 , 326 , 327 , 326 , 327 , 326 , 327 , 326 , 327 , 326 , 327 , 326 , 327 , 326 , 327 , 326 , 327 , 326 ,  
326 , 325 , 326 , 325 , 326 , 325 , 326 , 325 , 326 , 325 , 326 , 325 , 326 , 325 , 326 , 325 , 326 , 325 , 326 , 325 , 326 , 325 , 326 , 325 , 326 , 325 , 326 , 325 , 326 , 325 , 326 , 325 ,  
324 , 324 , 324 , 324 , 324 , 324 , 324 , 324 , 324 , 324 , 324 , 324 , 324 , 324 , 324 , 324 , 324 , 324 , 324 , 324 , 324 , 324 , 324 , 324 , 324 , 324 , 324 , 324 , 324 , 324 , 324 , 324 ,  
323 , 322 , 323 , 322 , 323 , 322 , 323 , 322 , 323 , 322 , 323 , 322 , 323 , 322 , 323 , 322 , 323 , 322 , 323 , 322 , 323 , 322 , 323 , 322 , 323 , 322 , 323 , 322 , 323 , 322 , 323 , 322 ,  
322 , 321 , 322 , 321 , 322 , 321 , 322 , 321 , 322 , 321 , 322 , 321 , 322 , 321 , 322 , 321 , 322 , 321 , 322 , 321 , 322 , 321 , 322 , 321 , 322 , 321 , 322 , 321 , 322 , 321 , 322 , 321 ,  
320 , 320 , 320 , 320 , 320 , 320 , 320 , 320 , 320 , 320 , 320 , 320 , 320 , 320 , 320 , 320 , 320 , 320 , 320 , 320 , 320 , 320 , 320 , 320 , 320 , 320 , 320 , 320 , 320 , 320 , 320 , 320 ,  
319 , 318 , 319 , 318 , 319 , 318 , 319 , 318 , 319 , 318 , 319 , 318 , 319 , 318 , 319 , 318 , 319 , 318 , 319 , 318 , 319 , 318 , 319 , 318 , 319 , 318 , 319 , 318 , 319 , 318 , 319 , 318 ,  
318 , 317 , 318 , 317 , 318 , 317 , 318 , 317 , 318 , 317 , 318 , 317 , 318 , 317 , 318 , 317 , 318 , 317 , 318 , 317 , 318 , 317 , 318 , 317 , 318 , 317 , 318 , 317 , 318 , 317 , 318 , 317 ,  
316 , 316 , 316 , 316 , 316 , 316 , 316 , 316 , 316 , 316 , 316 , 316 , 316 , 316 , 316 , 316 , 316 , 316 , 316 , 316 , 316 , 316 , 316 , 316 , 316 , 316 , 316 , 316 , 316 , 316 , 316 , 316 ,  
315 , 314 , 315 , 314 , 315 , 314 , 315 , 314 , 315 , 314 , 315 , 314 , 315 , 314 , 315 , 314 , 315 , 314 , 315 , 314 , 315 , 314 , 315 , 314 , 315 , 314 , 315 , 314 , 315 , 314 , 315 , 314 ,  
314 , 313 , 314 , 313 , 314 , 313 , 314 , 313 , 314 , 313 , 314 , 313 , 314 , 313 , 314 , 313 , 314 , 313 , 314 , 313 , 314 , 313 , 314 , 313 , 314 , 313 , 314 , 313 , 314 , 313 , 314 , 313 ,  
312 , 312 , 312 , 312 , 312 , 312 , 312 , 312 , 312 , 312 , 312 , 312 , 312 , 312 , 312 , 312 , 312 , 312 , 312 , 312 , 312 , 312 , 312 , 312 , 312 , 312 , 312 , 312 , 312 , 312 , 312 , 312 ,  
311 , 310 , 311 , 310 , 311 , 310 , 311 , 310 , 311 , 310 , 311 , 310 , 311 , 310 , 311 , 310 , 311 , 310 , 311 , 310 , 311 , 310 , 311 , 310 , 311 , 310 , 311 , 310 , 311 , 310 , 311 , 310 ,  
310 , 309 , 310 , 309 , 310 , 309 , 310 , 309 , 310 , 309 , 310 , 309 , 310 , 309 , 310 , 309 , 310 , 309 , 310 , 309 , 310 , 309 , 310 , 309 , 310 , 309 , 310 , 309 , 310 , 309 , 310 , 309 ,  
309 , 308 , 309 , 308 , 309 , 308 , 309 , 308 , 309 , 308 , 309 , 308 , 309 , 308 , 309 , 308 , 309 , 308 , 309 , 308 , 309 , 308 , 309 , 308 , 309 , 308 , 309 , 308 , 309 , 308 , 309 , 308 ,  
307 , 307 , 307 , 307 , 307 , 307 , 307 , 307 , 307 , 307 , 307 , 307 , 307 , 307 , 307 , 307 , 307 , 307 , 307 , 307 , 307 , 307 , 307 , 307 , 307 , 307 , 307 , 307 , 307 , 307 , 307 , 307 ,  
306 , 305 , 306 , 305 , 306 , 305 , 306 , 305 , 306 , 305 , 306 , 305 , 306 , 305 , 306 , 305 , 306 , 305 , 306 , 305 , 306 , 305 , 306 , 305 , 306 , 305 , 306 , 305 , 306 , 305 , 306 , 305 ,  
305 , 304 , 305 , 304 , 305 , 304 , 305 , 304 , 305 , 304 , 305 , 304 , 305 , 304 , 305 , 304 , 305 , 304 , 305 , 304 , 305 , 304 , 305 , 304 , 305 , 304 , 305 , 304 , 305 , 304 , 305 , 304 ,  
304 , 303 , 304 , 303 , 304 , 303 , 304 , 303 , 304 , 303 , 304 , 303 , 304 , 303 , 304 , 303 , 304 , 303 , 304 , 303 , 304 , 303 , 304 , 303 , 304 , 303 , 304 , 303 , 304 , 303 , 304 , 303 ,  
302 , 302 , 302 , 302 , 302 , 302 , 302 , 302 , 302 , 302 , 302 , 302 , 302 , 302 , 302 , 302 , 302 , 302 , 302 , 302 , 302 , 302 , 302 , 302 , 302 , 302 , 302 , 302 , 302 , 302 , 302 , 302 ,  
301 , 300 , 301 , 300 , 301 , 300 , 301 , 300 , 301 , 300 , 301 , 300 , 301 , 300 , 301 , 300 , 301 , 300 , 301 , 300 , 301 , 300 , 301 , 300 , 301 , 300 , 301 , 300 , 301 , 300 , 301 , 300 ,  
300 , 299 , 300 , 299 , 300 , 299 , 300 , 299 , 300 , 299 , 300 , 299 , 300 , 299 , 300 , 299 , 300 , 299 , 300 , 299 , 300 , 299 , 300 , 299 , 300 , 299 , 300 , 299 , 300 , 299 , 300 , 299 ,  
299 , 298 , 299 , 298 , 299 , 298 , 299 , 298 , 299 , 298 , 299 , 298 , 299 , 298 , 299 , 298 , 299 , 298 , 299 , 298 , 299 , 298 , 299 , 298 , 299 , 298 , 299 , 298 , 299 , 298 , 299 , 298 ,  
297 , 297 , 297 , 297 , 297 , 297 , 297 , 297 , 297 , 297 , 297 , 297 , 297 , 297 , 297 , 297 , 297 , 297 , 297 , 297 , 297 , 297 , 297 , 297 , 297 , 297 , 297 , 297 , 297 , 297 , 297 , 297 ,  
296 , 296 , 296 , 296 , 296 , 296 , 296 , 296 , 296 , 296 , 296 , 296 , 296 , 296 , 296 , 296 , 296 , 296 , 296 , 296 , 296 , 296 , 296 , 296 , 296 , 296 , 296 , 296 , 296 , 296 , 296 , 296 ,  
295 , 294 , 295 , 294 , 295 , 294 , 295 , 294 , 295 , 294 , 295 , 294 , 295 , 294 , 295 , 294 , 295 , 294 , 295 , 294 , 295 , 294 , 295 , 294 , 295 , 294 , 295 , 294 , 295 , 294 , 295 , 294 ,  
294 , 293 , 294 , 293 , 294 , 293 , 294 , 293 , 294 , 293 , 294 , 293 , 294 , 293 , 294 , 293 , 294 , 293 , 294 , 293 , 294 , 293 , 294 , 293 , 294 , 293 , 294 , 293 , 294 , 293 , 294 , 293 ,  
293 , 292 , 293 , 292 , 293 , 292 , 293 , 292 , 293 , 292 , 293 , 292 , 293 , 292 , 293 , 292 , 293 , 292 , 293 , 292 , 293 , 292 , 293 , 292 , 293 , 292 , 293 , 292 , 293 , 292 , 293 , 292 ,  
292 , 291 , 292 , 291 , 292 , 291 , 292 , 291 , 292 , 291 , 292 , 291 , 292 , 291 , 292 , 291 , 292 , 291 , 292 , 291 , 292 , 291 , 292 , 291 , 292 , 291 , 292 , 291 , 292 , 291 , 292 , 291 ,  
290 , 290 , 290 , 290 , 290 , 290 , 290 , 290 , 290 , 290 , 290 , 290 , 290 , 290 , 290 , 290 , 290 , 290 , 290 , 290 , 290 , 290 , 290 , 290 , 290 , 290 , 290 , 290 , 290 , 290 , 290 , 290 ,  
289 , 289 , 289 , 289 , 289 , 289 , 289 , 289 , 289 , 289 , 289 , 289 , 289 , 289 , 289 , 289 , 289 , 289 , 289 , 289 , 289 , 289 , 289 , 289 , 289 , 289 , 289 , 289 , 289 , 289 , 289 , 289 ,  
288 , 288 , 288 , 288 , 288 , 288 , 288 , 288 , 288 , 288 , 288 , 288 , 288 , 288 , 288 , 288 , 288 , 288 , 288 , 288 , 288 , 288 , 288 , 288 , 288 , 288 , 288 , 288 , 288 , 288 , 288 , 288 ,  
287 , 286 , 287 , 286 , 287 , 286 , 287 , 286 , 287 , 286 , 287 , 286 , 287 , 286 , 287 , 286 , 287 , 286 , 287 , 286 , 287 , 286 , 287 , 286 , 287 , 286 , 287 , 286 , 287 , 286 , 287 , 286 ,  
286 , 285 , 286 , 285 , 286 , 285 , 286 , 285 , 286 , 285 , 286 , 285 , 286 , 285 , 286 , 285 , 286 , 285 , 286 , 285 , 286 , 285 , 286 , 285 , 286 , 285 , 286 , 285 , 286 , 285 , 286 , 285 ,  
285 , 284 , 285 , 284 , 285 , 284 , 285 , 284 , 285 , 284 , 285 , 284 , 285 , 284 , 285 , 284 , 285 , 284 , 285 , 284 , 285 , 284 , 285 , 284 , 285 , 284 , 285 , 284 , 285 , 284 , 285 , 284 ,  
284 , 283 , 284 , 283 , 284 , 283 , 284 , 283 , 284 , 283 , 284 , 283 , 284 , 283 , 284 , 283 , 284 , 283 , 284 , 283 , 284 , 283 , 284 , 283 , 284 , 283 , 284 , 283 , 284 , 283 , 284 , 283 ,  
282 , 282 , 282 , 282 , 282 , 282 , 282 , 282 , 282 , 282 , 282 , 282 , 282 , 282 , 282 , 282 , 282 , 282 , 282 , 282 , 282 , 282 , 282 , 282 , 282 , 282 , 282 , 282 , 282 , 282 , 282 , 282 ,  
281 , 281 , 281 , 281 , 281 , 281 , 281 , 281 , 281 , 281 , 281 , 281 , 281 , 281 , 281 , 281 , 281 , 281 , 281 , 281 , 281 , 281 , 281 , 281 , 281 , 281 , 281 , 281 , 281 , 281 , 281 , 281 ,  
280 , 280 , 280 , 280 , 280 , 280 , 280 , 280 , 280 , 280 , 280 , 280 , 280 , 280 , 280 , 280 , 280 , 280 , 280 , 280 , 280 , 280 , 280 , 280 , 280 , 280 , 280 , 280 , 280 , 280 , 280 , 280 ,  
279 , 279 , 279 , 279 , 279 , 279 , 279 , 279 , 279 , 279 , 279 , 279 , 279 , 279 , 279 , 279 , 279 , 279 , 279 , 279 , 279 , 279 , 279 , 279 , 279 , 279 , 279 , 279 , 279 , 279 , 279 , 279 ,  
278 , 278 , 278 , 278 , 278 , 278 , 278 , 278 , 278 , 278 , 278 , 278 , 278 , 278 , 278 , 278 , 278 , 278 , 278 , 278 , 278 , 278 , 278 , 278 , 278 , 278 , 278 , 278 , 278 , 278 , 278 , 278 ,  
277 , 276 , 277 , 276 , 277 , 276 , 277 , 276 , 277 , 276 , 277 , 276 , 277 , 276 , 277 , 276 , 277 , 276 , 277 , 276 , 277 , 276 , 277 , 276 , 277 , 276 , 277 , 276 , 277 , 276 , 277 , 276 ,  
276 , 275 , 276 , 275 , 276 , 275 , 276 , 275 , 276 , 275 , 276 , 275 , 276 , 275 , 276 , 275 , 276 , 275 , 276 , 275 , 276 , 275 , 276 , 275 , 276 , 275 , 276 , 275 , 276 , 275 , 276 , 275 ,  
275 , 274 , 275 , 274 , 275 , 274 , 275 , 274 , 275 , 274 , 275 , 274 , 275 , 274 , 275 , 274 , 275 , 274 , 275 , 274 , 275 , 274 , 275 , 274 , 275 , 274 , 275 , 274 , 275 , 274 , 275 , 274 ,  
274 , 273 , 274 , 273 , 274 , 273 , 274 , 273 , 274 , 273 , 274 , 273 , 274 , 273 , 274 , 273 , 274 , 273 , 274 , 273 , 274 , 273 , 274 , 273 , 274 , 273 , 274 , 273 , 274 , 273 , 274 , 273 ,  
273 , 272 , 273 , 272 , 273 , 272 , 273 , 272 , 273 , 272 , 273 , 272 , 273 , 272 , 273 , 272 , 273 , 272 , 273 , 272 , 273 , 272 , 273 , 272 , 273 , 272 , 273 , 272 , 273 , 272 , 273 , 272 ,  
272 , 271 , 272 , 271 , 272 , 271 , 272 , 271 , 272 , 271 , 272 , 271 , 272 , 271 , 272 , 271 , 272 , 271 , 272 , 271 , 272 , 271 , 272 , 271 , 272 , 271 , 272 , 271 , 272 , 271 , 272 , 271 ,  
271 , 270 , 271 , 270 , 271 , 270 , 271 , 270 , 271 , 270 , 271 , 270 , 271 , 270 , 271 , 270 , 271 , 270 , 271 , 270 , 271 , 270 , 271 , 270 , 271 , 270 , 271 , 270 , 271 , 270 , 271 , 270 ,  
270 , 269 , 270 , 269 , 270 , 269 , 270 , 269 , 270 , 269 , 270 , 269 , 270 , 269 , 270 , 269 , 270 , 269 , 270 , 269 , 270 , 269 , 270 , 269 , 270 , 269 , 270 , 269 , 270 , 269 , 270 , 269 ,  
269 , 268 , 269 , 268 , 269 , 268 , 269 , 268 , 269 , 268 , 269 , 268 , 269 , 268 , 269 , 268 , 269 , 268 , 269 , 268 , 269 , 268 , 269 , 268 , 269 , 268 , 269 , 268 , 269 , 268 , 269 , 268 ,  
268 , 267 , 268 , 267 , 268 , 267 , 268 , 267 , 268 , 267 , 268 , 267 , 268 , 267 , 268 , 267 , 268 , 267 , 268 , 267 , 268 , 267 , 268 , 267 , 268 , 267 , 268 , 267 , 268 , 267 , 268 , 267 ,  
267 , 266 , 267 , 266 , 267 , 266 , 267 , 266 , 267 , 266 , 267 , 266 , 267 , 266 , 267 , 266 , 267 , 266 , 267 , 266 , 267 , 266 , 267 , 266 , 267 , 266 , 267 , 266 , 267 , 266 , 267 , 266 ,  
266 , 265 , 266 , 265 , 266 , 265 , 266 , 265 , 266 , 265 , 266 , 265 , 266 , 265 , 266 , 265 , 266 , 265 , 266 , 265 , 266 , 265 , 266 , 265 , 266 , 265 , 266 , 265 , 266 , 265 , 266 , 265 ,  
265 , 264 , 265 , 264 , 265 , 264 , 265 , 264 , 265 , 264 , 265 , 264 , 265 , 264 , 265 , 264 , 265 , 264 , 265 , 264 , 265 , 264 , 265 , 264 , 265 , 264 , 265 , 264 , 265 , 264 , 265 , 264 ,  
264 , 263 , 264 , 263 , 264 , 263 , 264 , 263 , 264 , 263 , 264 , 263 , 264 , 263 , 264 , 263 , 264 , 263 , 264 , 263 , 264 , 263 , 264 , 263 , 264 , 263 , 264 , 263 , 264 , 263 , 264 , 263 ,  
263 , 262 , 263 , 262 , 263 , 262 , 263 , 262 , 263 , 262 , 263 , 262 , 263 , 262 , 263 , 262 , 263 , 262 , 263 , 262 , 263 , 262 , 263 , 262 , 263 , 262 , 263 , 262 , 263 , 262 , 263 , 262 ,  
262 , 261 , 262 , 261 , 262 , 261 , 262 , 261 , 262 , 261 , 262 , 261 , 262 , 261 , 262 , 261 , 262 , 261 , 262 , 261 , 262 , 261 , 262 , 261 , 262 , 261 , 262 , 261 , 262 , 261 , 262 , 261 ,  
261 , 260 , 261 , 260 , 261 , 260 , 261 , 260 , 261 , 260 , 261 , 260 , 261 , 260 , 261 , 260 , 261 , 260 , 261 , 260 , 261 , 260 , 261 , 260 , 261 , 260 , 261 , 260 , 261 , 260 , 261 , 260 ,  
260 , 259 , 260 , 259 , 260 , 259 , 260 , 259 , 260 , 259 , 260 , 259 , 260 , 259 , 260 , 259 , 260 , 259 , 260 , 259 , 260 , 259 , 260 , 259 , 260 , 259 , 260 , 259 , 260 , 259 , 260 , 259 ,  
259 , 258 , 259 , 258 , 259 , 258 , 259 , 258 , 259 , 258 , 259 , 258 , 259 , 258 , 259 , 258 , 259 , 258 , 259 , 258 , 259 , 258 , 259 , 258 , 259 , 258 , 259 , 258 , 259 , 258 , 259 , 258 ,  
258 , 257 , 258 , 257 , 258 , 257 , 258 , 257 , 258 , 257 , 258 , 257 , 258 , 257 , 258 , 257 , 258 , 257 , 258 , 257 , 258 , 257 , 258 , 257 , 258 , 257 , 258 , 257 , 258 , 257 , 258 , 257 ,  
257 , 256 , 257 , 256 , 257 , 256 , 257 , 256 , 257 , 256 , 257 , 256 , 257 , 256 , 257 , 256 , 257 , 256 , 257 , 256 , 257 , 256 , 257 , 256 , 257 , 256 , 257 , 256 , 257 , 256 , 257 , 256 ,  
256 , 255 , 256 , 255 , 256 , 255 , 256 , 255 , 256 , 255 , 256 , 255 , 256 , 255 , 256 , 255 , 256 , 255 , 256 , 255 , 256 , 255 , 256 , 255 , 256 , 255 , 256 , 255 , 256 , 255 , 256 , 255 ,  
255 , 254 , 255 , 254 , 255 , 254 , 255 , 254 , 255 , 254 , 255 , 254 , 255 , 254 , 255 , 254 , 255 , 254 , 255 , 254 , 255 , 254 , 255 , 254 , 255 , 254 , 255 , 254 , 255 , 254 , 255 , 254 ,  
254 , 253 , 254 , 253 , 254 , 253 , 254 , 253 , 254 , 253 , 254 , 253 , 254 , 253 , 254 , 253 , 254 , 253 , 254 , 253 , 254 , 253 , 254 , 253 , 254 , 253 , 254 , 253 , 254 , 253 , 254 , 253 ,  
253 , 253 , 253 , 253 , 253 , 253 , 253 , 253 , 253 , 253 , 253 , 253 , 253 , 253 , 253 , 253 , 253 , 253 , 253 , 253 , 253 , 253 , 253 , 253 , 253 , 253 , 253 , 253 , 253 , 253 , 253 , 253 ,  
252 , 252 , 252 , 252 , 252 , 252 , 252 , 252 , 252 , 252 , 252 , 252 , 252 , 252 , 252 , 252 , 252 , 252 , 252 , 252 , 252 , 252 , 252 , 252 , 252 , 252 , 252 , 252 , 252 , 252 , 252 , 252 ,  
251 , 251 , 251 , 251 , 251 , 251 , 251 , 251 , 251 , 251 , 251 , 251 , 251 , 251 , 251 , 251 , 251 , 251 , 251 , 251 , 251 , 251 , 251 , 251 , 251 , 251 , 251 , 251 , 251 , 251 , 251 , 251 ,  
250 , 250 , 250 , 250 , 250 , 250 , 250 , 250 , 250 , 250 , 250 , 250 , 250 , 250 , 250 , 250 , 250 , 250 , 250 , 250 , 250 , 250 , 250 , 250 , 250 , 250 , 250 , 250 , 250 , 250 , 250 , 250 ,  
249 , 249 , 249 , 249 , 249 , 249 , 249 , 249 , 249 , 249 , 249 , 249 , 249 , 249 , 249 , 249 , 249 , 249 , 249 , 249 , 249 , 249 , 249 , 249 , 249 , 249 , 249 , 249 , 249 , 249 , 249 , 249 ,  
248 , 248 , 248 , 248 , 248 , 248 , 248 , 248 , 248 , 248 , 248 , 248 , 248 , 248 , 248 , 248 , 248 , 248 , 248 , 248 , 248 , 248 , 248 , 248 , 248 , 248 , 248 , 248 , 248 , 248 , 248 , 248 ,  
248 , 247 , 248 , 247 , 248 , 247 , 248 , 247 , 248 , 247 , 248 , 247 , 248 , 247 , 248 , 247 , 248 , 247 , 248 , 247 , 248 , 247 , 248 , 247 , 248 , 247 , 248 , 247 , 248 , 247 , 248 , 247 ,  
247 , 246 , 247 , 246 , 247 , 246 , 247 , 246 , 247 , 246 , 247 , 246 , 247 , 246 , 247 , 246 , 247 , 246 , 247 , 246 , 247 , 246 , 247 , 246 , 247 , 246 , 247 , 246 , 247 , 246 , 247 , 246 ,  
246 , 245 , 246 , 245 , 246 , 245 , 246 , 245 , 246 , 245 , 246 , 245 , 246 , 245 , 246 , 245 , 246 , 245 , 246 , 245 , 246 , 245 , 246 , 245 , 246 , 245 , 246 , 245 , 246 , 245 , 246 , 245 ,  
245 , 244 , 245 , 244 , 245 , 244 , 245 , 244 , 245 , 244 , 245 , 244 , 245 , 244 , 245 , 244 , 245 , 244 , 245 , 244 , 245 , 244 , 245 , 244 , 245 , 244 , 245 , 244 , 245 , 244 , 245 , 244 ,  
244 , 244 , 244 , 244 , 244 , 244 , 244 , 244 , 244 , 244 , 244 , 244 , 244 , 244 , 244 , 244 , 244 , 244 , 244 , 244 , 244 , 244 , 244 , 244 , 244 , 244 , 244 , 244 , 244 , 244 , 244 , 244 ,  
243 , 243 , 243 , 243 , 243 , 243 , 243 , 243 , 243 , 243 , 243 , 243 , 243 , 243 , 243 , 243 , 243 , 243 , 243 , 243 , 243 , 243 , 243 , 243 , 243 , 243 , 243 , 243 , 243 , 243 , 243 , 243 ,  
242 , 242 , 242 , 242 , 242 , 242 , 242 , 242 , 242 , 242 , 242 , 242 , 242 , 242 , 242 , 242 , 242 , 242 , 242 , 242 , 242 , 242 , 242 , 242 , 242 , 242 , 242 , 242 , 242 , 242 , 242 , 242 ,  
241 , 241 , 241 , 241 , 241 , 241 , 241 , 241 , 241 , 241 , 241 , 241 , 241 , 241 , 241 , 241 , 241 , 241 , 241 , 241 , 241 , 241 , 241 , 241 , 241 , 241 , 241 , 241 , 241 , 241 , 241 , 241 ,  
241 , 240 , 241 , 240 , 241 , 240 , 241 , 240 , 241 , 240 , 241 , 240 , 241 , 240 , 241 , 240 , 241 , 240 , 241 , 240 , 241 , 240 , 241 , 240 , 241 , 240 , 241 , 240 , 241 , 240 , 241 , 240 ,  
240 , 239 , 240 , 239 , 240 , 239 , 240 , 239 , 240 , 239 , 240 , 239 , 240 , 239 , 240 , 239 , 240 , 239 , 240 , 239 , 240 , 239 , 240 , 239 , 240 , 239 , 240 , 239 , 240 , 239 , 240 , 239 ,  
239 , 238 , 239 , 238 , 239 , 238 , 239 , 238 , 239 , 238 , 239 , 238 , 239 , 238 , 239 , 238 , 239 , 238 , 239 , 238 , 239 , 238 , 239 , 238 , 239 , 238 , 239 , 238 , 239 , 238 , 239 , 238 ,  
238 , 238 , 238 , 238 , 238 , 238 , 238 , 238 , 238 , 238 , 238 , 238 , 238 , 238 , 238 , 238 , 238 , 238 , 238 , 238 , 238 , 238 , 238 , 238 , 238 , 238 , 238 , 238 , 238 , 238 , 238 , 238 ,  
237 , 237 , 237 , 237 , 237 , 237 , 237 , 237 , 237 , 237 , 237 , 237 , 237 , 237 , 237 , 237 , 237 , 237 , 237 , 237 , 237 , 237 , 237 , 237 , 237 , 237 , 237 , 237 , 237 , 237 , 237 , 237 ,  
236 , 236 , 236 , 236 , 236 , 236 , 236 , 236 , 236 , 236 , 236 , 236 , 236 , 236 , 236 , 236 , 236 , 236 , 236 , 236 , 236 , 236 , 236 , 236 , 236 , 236 , 236 , 236 , 236 , 236 , 236 , 236 ,  
236 , 235 , 236 , 235 , 236 , 235 , 236 , 235 , 236 , 235 , 236 , 235 , 236 , 235 , 236 , 235 , 236 , 235 , 236 , 235 , 236 , 235 , 236 , 235 , 236 , 235 , 236 , 235 , 236 , 235 , 236 , 235 ,  
235 , 234 , 235 , 234 , 235 , 234 , 235 , 234 , 235 , 234 , 235 , 234 , 235 , 234 , 235 , 234 , 235 , 234 , 235 , 234 , 235 , 234 , 235 , 234 , 235 , 234 , 235 , 234 , 235 , 234 , 235 , 234 ,  
234 , 234 , 234 , 234 , 234 , 234 , 234 , 234 , 234 , 234 , 234 , 234 , 234 , 234 , 234 , 234 , 234 , 234 , 234 , 234 , 234 , 234 , 234 , 234 , 234 , 234 , 234 , 234 , 234 , 234 , 234 , 234 ,  
233 , 233 , 233 , 233 , 233 , 233 , 233 , 233 , 233 , 233 , 233 , 233 , 233 , 233 , 233 , 233 , 233 , 233 , 233 , 233 , 233 , 233 , 233 , 233 , 233 , 233 , 233 , 233 , 233 , 233 , 233 , 233 ,  
232 , 232 , 232 , 232 , 232 , 232 , 232 , 232 , 232 , 232 , 232 , 232 , 232 , 232 , 232 , 232 , 232 , 232 , 232 , 232 , 232 , 232 , 232 , 232 , 232 , 232 , 232 , 232 , 232 , 232 , 232 , 232 ,  
231 , 231 , 231 , 231 , 231 , 231 , 231 , 231 , 231 , 231 , 231 , 231 , 231 , 231 , 231 , 231 , 231 , 231 , 231 , 231 , 231 , 231 , 231 , 231 , 231 , 231 , 231 , 231 , 231 , 231 , 231 , 231 ,  
231 , 230 , 231 , 230 , 231 , 230 , 231 , 230 , 231 , 230 , 231 , 230 , 231 , 230 , 231 , 230 , 231 , 230 , 231 , 230 , 231 , 230 , 231 , 230 , 231 , 230 , 231 , 230 , 231 , 230 , 231 , 230 ,  
230 , 230 , 230 , 230 , 230 , 230 , 230 , 230 , 230 , 230 , 230 , 230 , 230 , 230 , 230 , 230 , 230 , 230 , 230 , 230 , 230 , 230 , 230 , 230 , 230 , 230 , 230 , 230 , 230 , 230 , 230 , 230 ,  
229 , 229 , 229 , 229 , 229 , 229 , 229 , 229 , 229 , 229 , 229 , 229 , 229 , 229 , 229 , 229 , 229 , 229 , 229 , 229 , 229 , 229 , 229 , 229 , 229 , 229 , 229 , 229 , 229 , 229 , 229 , 229 ,  
228 , 228 , 228 , 228 , 228 , 228 , 228 , 228 , 228 , 228 , 228 , 228 , 228 , 228 , 228 , 228 , 228 , 228 , 228 , 228 , 228 , 228 , 228 , 228 , 228 , 228 , 228 , 228 , 228 , 228 , 228 , 228 ,  
228 , 227 , 228 , 227 , 228 , 227 , 228 , 227 , 228 , 227 , 228 , 227 , 228 , 227 , 228 , 227 , 228 , 227 , 228 , 227 , 228 , 227 , 228 , 227 , 228 , 227 , 228 , 227 , 228 , 227 , 228 , 227 ,  
227 , 226 , 227 , 226 , 227 , 226 , 227 , 226 , 227 , 226 , 227 , 226 , 227 , 226 , 227 , 226 , 227 , 226 , 227 , 226 , 227 , 226 , 227 , 226 , 227 , 226 , 227 , 226 , 227 , 226 , 227 , 226 ,  
226 , 226 , 226 , 226 , 226 , 226 , 226 , 226 , 226 , 226 , 226 , 226 , 226 , 226 , 226 , 226 , 226 , 226 , 226 , 226 , 226 , 226 , 226 , 226 , 226 , 226 , 226 , 226 , 226 , 226 , 226 , 226 ,  
225 , 225 , 225 , 225 , 225 , 225 , 225 , 225 , 225 , 225 , 225 , 225 , 225 , 225 , 225 , 225 , 225 , 225 , 225 , 225 , 225 , 225 , 225 , 225 , 225 , 225 , 225 , 225 , 225 , 225 , 225 , 225 ,  
225 , 224 , 225 , 224 , 225 , 224 , 225 , 224 , 225 , 224 , 225 , 224 , 225 , 224 , 225 , 224 , 225 , 224 , 225 , 224 , 225 , 224 , 225 , 224 , 225 , 224 , 225 , 224 , 225 , 224 , 225 , 224 ,  
224 , 223 , 224 , 223 , 224 , 223 , 224 , 223 , 224 , 223 , 224 , 223 , 224 , 223 , 224 , 223 , 224 , 223 , 224 , 223 , 224 , 223 , 224 , 223 , 224 , 223 , 224 , 223 , 224 , 223 , 224 , 223 ,  
223 , 223 , 223 , 223 , 223 , 223 , 223 , 223 , 223 , 223 , 223 , 223 , 223 , 223 , 223 , 223 , 223 , 223 , 223 , 223 , 223 , 223 , 223 , 223 , 223 , 223 , 223 , 223 , 223 , 223 , 223 , 223 ,  
222 , 222 , 222 , 222 , 222 , 222 , 222 , 222 , 222 , 222 , 222 , 222 , 222 , 222 , 222 , 222 , 222 , 222 , 222 , 222 , 222 , 222 , 222 , 222 , 222 , 222 , 222 , 222 , 222 , 222 , 222 , 222 ,  
222 , 221 , 222 , 221 , 222 , 221 , 222 , 221 , 222 , 221 , 222 , 221 , 222 , 221 , 222 , 221 , 222 , 221 , 222 , 221 , 222 , 221 , 222 , 221 , 222 , 221 , 222 , 221 , 222 , 221 , 222 , 221 ,  
221 , 220 , 221 , 220 , 221 , 220 , 221 , 220 , 221 , 220 , 221 , 220 , 221 , 220 , 221 , 220 , 221 , 220 , 221 , 220 , 221 , 220 , 221 , 220 , 221 , 220 , 221 , 220 , 221 , 220 , 221 , 220 ,  
220 , 220 , 220 , 220 , 220 , 220 , 220 , 220 , 220 , 220 , 220 , 220 , 220 , 220 , 220 , 220 , 220 , 220 , 220 , 220 , 220 , 220 , 220 , 220 , 220 , 220 , 220 , 220 , 220 , 220 , 220 , 220 ,  
219 , 219 , 219 , 219 , 219 , 219 , 219 , 219 , 219 , 219 , 219 , 219 , 219 , 219 , 219 , 219 , 219 , 219 , 219 , 219 , 219 , 219 , 219 , 219 , 219 , 219 , 219 , 219 , 219 , 219 , 219 , 219 ,  
219 , 218 , 219 , 218 , 219 , 218 , 219 , 218 , 219 , 218 , 219 , 218 , 219 , 218 , 219 , 218 , 219 , 218 , 219 , 218 , 219 , 218 , 219 , 218 , 219 , 218 , 219 , 218 , 219 , 218 , 219 , 218 ,  
218 , 218 , 218 , 218 , 218 , 218 , 218 , 218 , 218 , 218 , 218 , 218 , 218 , 218 , 218 , 218 , 218 , 218 , 218 , 218 , 218 , 218 , 218 , 218 , 218 , 218 , 218 , 218 , 218 , 218 , 218 , 218 ,  
217 , 217 , 217 , 217 , 217 , 217 , 217 , 217 , 217 , 217 , 217 , 217 , 217 , 217 , 217 , 217 , 217 , 217 , 217 , 217 , 217 , 217 , 217 , 217 , 217 , 217 , 217 , 217 , 217 , 217 , 217 , 217 ,  
217 , 216 , 217 , 216 , 217 , 216 , 217 , 216 , 217 , 216 , 217 , 216 , 217 , 216 , 217 , 216 , 217 , 216 , 217 , 216 , 217 , 216 , 217 , 216 , 217 , 216 , 217 , 216 , 217 , 216 , 217 , 216 ,  
216 , 215 , 216 , 215 , 216 , 215 , 216 , 215 , 216 , 215 , 216 , 215 , 216 , 215 , 216 , 215 , 216 , 215 , 216 , 215 , 216 , 215 , 216 , 215 , 216 , 215 , 216 , 215 , 216 , 215 , 216 , 215 ,  
215 , 215 , 215 , 215 , 215 , 215 , 215 , 215 , 215 , 215 , 215 , 215 , 215 , 215 , 215 , 215 , 215 , 215 , 215 , 215 , 215 , 215 , 215 , 215 , 215 , 215 , 215 , 215 , 215 , 215 , 215 , 215 ,  
214 , 214 , 214 , 214 , 214 , 214 , 214 , 214 , 214 , 214 , 214 , 214 , 214 , 214 , 214 , 214 , 214 , 214 , 214 , 214 , 214 , 214 , 214 , 214 , 214 , 214 , 214 , 214 , 214 , 214 , 214 , 214 ,  
214 , 213 , 214 , 213 , 214 , 213 , 214 , 213 , 214 , 213 , 214 , 213 , 214 , 213 , 214 , 213 , 214 , 213 , 214 , 213 , 214 , 213 , 214 , 213 , 214 , 213 , 214 , 213 , 214 , 213 , 214 , 213 ,  
213 , 213 , 213 , 213 , 213 , 213 , 213 , 213 , 213 , 213 , 213 , 213 , 213 , 213 , 213 , 213 , 213 , 213 , 213 , 213 , 213 , 213 , 213 , 213 , 213 , 213 , 213 , 213 , 213 , 213 , 213 , 213 ,  
212 , 212 , 212 , 212 , 212 , 212 , 212 , 212 , 212 , 212 , 212 , 212 , 212 , 212 , 212 , 212 , 212 , 212 , 212 , 212 , 212 , 212 , 212 , 212 , 212 , 212 , 212 , 212 , 212 , 212 , 212 , 212 ,  
212 , 211 , 212 , 211 , 212 , 211 , 212 , 211 , 212 , 211 , 212 , 211 , 212 , 211 , 212 , 211 , 212 , 211 , 212 , 211 , 212 , 211 , 212 , 211 , 212 , 211 , 212 , 211 , 212 , 211 , 212 , 211 ,  
211 , 211 , 211 , 211 , 211 , 211 , 211 , 211 , 211 , 211 , 211 , 211 , 211 , 211 , 211 , 211 , 211 , 211 , 211 , 211 , 211 , 211 , 211 , 211 , 211 , 211 , 211 , 211 , 211 , 211 , 211 , 211 ,  
210 , 210 , 210 , 210 , 210 , 210 , 210 , 210 , 210 , 210 , 210 , 210 , 210 , 210 , 210 , 210 , 210 , 210 , 210 , 210 , 210 , 210 , 210 , 210 , 210 , 210 , 210 , 210 , 210 , 210 , 210 , 210 ,  
210 , 209 , 210 , 209 , 210 , 209 , 210 , 209 , 210 , 209 , 210 , 209 , 210 , 209 , 210 , 209 , 210 , 209 , 210 , 209 , 210 , 209 , 210 , 209 , 210 , 209 , 210 , 209 , 210 , 209 , 210 , 209 ,  
209 , 209 , 209 , 209 , 209 , 209 , 209 , 209 , 209 , 209 , 209 , 209 , 209 , 209 , 209 , 209 , 209 , 209 , 209 , 209 , 209 , 209 , 209 , 209 , 209 , 209 , 209 , 209 , 209 , 209 , 209 , 209 ,  
208 , 208 , 208 , 208 , 208 , 208 , 208 , 208 , 208 , 208 , 208 , 208 , 208 , 208 , 208 , 208 , 208 , 208 , 208 , 208 , 208 , 208 , 208 , 208 , 208 , 208 , 208 , 208 , 208 , 208 , 208 , 208 ,  
208 , 207 , 208 , 207 , 208 , 207 , 208 , 207 , 208 , 207 , 208 , 207 , 208 , 207 , 208 , 207 , 208 , 207 , 208 , 207 , 208 , 207 , 208 , 207 , 208 , 207 , 208 , 207 , 208 , 207 , 208 , 207 ,  
207 , 207 , 207 , 207 , 207 , 207 , 207 , 207 , 207 , 207 , 207 , 207 , 207 , 207 , 207 , 207 , 207 , 207 , 207 , 207 , 207 , 207 , 207 , 207 , 207 , 207 , 207 , 207 , 207 , 207 , 207 , 207 ,  
206 , 206 , 206 , 206 , 206 , 206 , 206 , 206 , 206 , 206 , 206 , 206 , 206 , 206 , 206 , 206 , 206 , 206 , 206 , 206 , 206 , 206 , 206 , 206 , 206 , 206 , 206 , 206 , 206 , 206 , 206 , 206 ,  
206 , 206 , 206 , 206 , 206 , 206 , 206 , 206 , 206 , 206 , 206 , 206 , 206 , 206 , 206 , 206 , 206 , 206 , 206 , 206 , 206 , 206 , 206 , 206 , 206 , 206 , 206 , 206 , 206 , 206 , 206 , 206 ,  
205 , 205 , 205 , 205 , 205 , 205 , 205 , 205 , 205 , 205 , 205 , 205 , 205 , 205 , 205 , 205 , 205 , 205 , 205 , 205 , 205 , 205 , 205 , 205 , 205 , 205 , 205 , 205 , 205 , 205 , 205 , 205 ,  
205 , 204 , 205 , 204 , 205 , 204 , 205 , 204 , 205 , 204 , 205 , 204 , 205 , 204 , 205 , 204 , 205 , 204 , 205 , 204 , 205 , 204 , 205 , 204 , 205 , 204 , 205 , 204 , 205 , 204 , 205 , 204 ,  
204 , 204 , 204 , 204 , 204 , 204 , 204 , 204 , 204 , 204 , 204 , 204 , 204 , 204 , 204 , 204 , 204 , 204 , 204 , 204 , 204 , 204 , 204 , 204 , 204 , 204 , 204 , 204 , 204 , 204 , 204 , 204 ,  
203 , 203 , 203 , 203 , 203 , 203 , 203 , 203 , 203 , 203 , 203 , 203 , 203 , 203 , 203 , 203 , 203 , 203 , 203 , 203 , 203 , 203 , 203 , 203 , 203 , 203 , 203 , 203 , 203 , 203 , 203 , 203 ,  
203 , 202 , 203 , 202 , 203 , 202 , 203 , 202 , 203 , 202 , 203 , 202 , 203 , 202 , 203 , 202 , 203 , 202 , 203 , 202 , 203 , 202 , 203 , 202 , 203 , 202 , 203 , 202 , 203 , 202 , 203 , 202 ,  
202 , 202 , 202 , 202 , 202 , 202 , 202 , 202 , 202 , 202 , 202 , 202 , 202 , 202 , 202 , 202 , 202 , 202 , 202 , 202 , 202 , 202 , 202 , 202 , 202 , 202 , 202 , 202 , 202 , 202 , 202 , 202 ,  
202 , 201 , 202 , 201 , 202 , 201 , 202 , 201 , 202 , 201 , 202 , 201 , 202 , 201 , 202 , 201 , 202 , 201 , 202 , 201 , 202 , 201 , 202 , 201 , 202 , 201 , 202 , 201 , 202 , 201 , 202 , 201 ,  
201 , 201 , 201 , 201 , 201 , 201 , 201 , 201 , 201 , 201 , 201 , 201 , 201 , 201 , 201 , 201 , 201 , 201 , 201 , 201 , 201 , 201 , 201 , 201 , 201 , 201 , 201 , 201 , 201 , 201 , 201 , 201 ,  
200 , 200 , 200 , 200 , 200 , 200 , 200 , 200 , 200 , 200 , 200 , 200 , 200 , 200 , 200 , 200 , 200 , 200 , 200 , 200 , 200 , 200 , 200 , 200 , 200 , 200 , 200 , 200 , 200 , 200 , 200 , 200 ,  
200 , 199 , 200 , 199 , 200 , 199 , 200 , 199 , 200 , 199 , 200 , 199 , 200 , 199 , 200 , 199 , 200 , 199 , 200 , 199 , 200 , 199 , 200 , 199 , 200 , 199 , 200 , 199 , 200 , 199 , 200 , 199 ,  
199 , 199 , 199 , 199 , 199 , 199 , 199 , 199 , 199 , 199 , 199 , 199 , 199 , 199 , 199 , 199 , 199 , 199 , 199 , 199 , 199 , 199 , 199 , 199 , 199 , 199 , 199 , 199 , 199 , 199 , 199 , 199 ,  
199 , 198 , 199 , 198 , 199 , 198 , 199 , 198 , 199 , 198 , 199 , 198 , 199 , 198 , 199 , 198 , 199 , 198 , 199 , 198 , 199 , 198 , 199 , 198 , 199 , 198 , 199 , 198 , 199 , 198 , 199 , 198 ,  
198 , 198 , 198 , 198 , 198 , 198 , 198 , 198 , 198 , 198 , 198 , 198 , 198 , 198 , 198 , 198 , 198 , 198 , 198 , 198 , 198 , 198 , 198 , 198 , 198 , 198 , 198 , 198 , 198 , 198 , 198 , 198 ,  
197 , 197 , 197 , 197 , 197 , 197 , 197 , 197 , 197 , 197 , 197 , 197 , 197 , 197 , 197 , 197 , 197 , 197 , 197 , 197 , 197 , 197 , 197 , 197 , 197 , 197 , 197 , 197 , 197 , 197 , 197 , 197 ,  
197 , 197 , 197 , 197 , 197 , 197 , 197 , 197 , 197 , 197 , 197 , 197 , 197 , 197 , 197 , 197 , 197 , 197 , 197 , 197 , 197 , 197 , 197 , 197 , 197 , 197 , 197 , 197 , 197 , 197 , 197 , 197 ,  
196 , 196 , 196 , 196 , 196 , 196 , 196 , 196 , 196 , 196 , 196 , 196 , 196 , 196 , 196 , 196 , 196 , 196 , 196 , 196 , 196 , 196 , 196 , 196 , 196 , 196 , 196 , 196 , 196 , 196 , 196 , 196 ,  
196 , 195 , 196 , 195 , 196 , 195 , 196 , 195 , 196 , 195 , 196 , 195 , 196 , 195 , 196 , 195 , 196 , 195 , 196 , 195 , 196 , 195 , 196 , 195 , 196 , 195 , 196 , 195 , 196 , 195 , 196 , 195 ,  
195 , 195 , 195 , 195 , 195 , 195 , 195 , 195 , 195 , 195 , 195 , 195 , 195 , 195 , 195 , 195 , 195 , 195 , 195 , 195 , 195 , 195 , 195 , 195 , 195 , 195 , 195 , 195 , 195 , 195 , 195 , 195 ,  
195 , 194 , 195 , 194 , 195 , 194 , 195 , 194 , 195 , 194 , 195 , 194 , 195 , 194 , 195 , 194 , 195 , 194 , 195 , 194 , 195 , 194 , 195 , 194 , 195 , 194 , 195 , 194 , 195 , 194 , 195 , 194 ,  
194 , 194 , 194 , 194 , 194 , 194 , 194 , 194 , 194 , 194 , 194 , 194 , 194 , 194 , 194 , 194 , 194 , 194 , 194 , 194 , 194 , 194 , 194 , 194 , 194 , 194 , 194 , 194 , 194 , 194 , 194 , 194 ,  
193 , 193 , 193 , 193 , 193 , 193 , 193 , 193 , 193 , 193 , 193 , 193 , 193 , 193 , 193 , 193 , 193 , 193 , 193 , 193 , 193 , 193 , 193 , 193 , 193 , 193 , 193 , 193 , 193 , 193 , 193 , 193 ,  
193 , 193 , 193 , 193 , 193 , 193 , 193 , 193 , 193 , 193 , 193 , 193 , 193 , 193 , 193 , 193 , 193 , 193 , 193 , 193 , 193 , 193 , 193 , 193 , 193 , 193 , 193 , 193 , 193 , 193 , 193 , 193 ,  
192 , 192 , 192 , 192 , 192 , 192 , 192 , 192 , 192 , 192 , 192 , 192 , 192 , 192 , 192 , 192 , 192 , 192 , 192 , 192 , 192 , 192 , 192 , 192 , 192 , 192 , 192 , 192 , 192 , 192 , 192 , 192 ,  
192 , 192 , 192 , 192 , 192 , 192 , 192 , 192 , 192 , 192 , 192 , 192 , 192 , 192 , 192 , 192 , 192 , 192 , 192 , 192 , 192 , 192 , 192 , 192 , 192 , 192 , 192 , 192 , 192 , 192 , 192 , 192 ,  
191 , 191 , 191 , 191 , 191 , 191 , 191 , 191 , 191 , 191 , 191 , 191 , 191 , 191 , 191 , 191 , 191 , 191 , 191 , 191 , 191 , 191 , 191 , 191 , 191 , 191 , 191 , 191 , 191 , 191 , 191 , 191 ,  
191 , 190 , 191 , 190 , 191 , 190 , 191 , 190 , 191 , 190 , 191 , 190 , 191 , 190 , 191 , 190 , 191 , 190 , 191 , 190 , 191 , 190 , 191 , 190 , 191 , 190 , 191 , 190 , 191 , 190 , 191 , 190 ,  
190 , 190 , 190 , 190 , 190 , 190 , 190 , 190 , 190 , 190 , 190 , 190 , 190 , 190 , 190 , 190 , 190 , 190 , 190 , 190 , 190 , 190 , 190 , 190 , 190 , 190 , 190 , 190 , 190 , 190 , 190 , 190 ,  
190 , 189 , 190 , 189 , 190 , 189 , 190 , 189 , 190 , 189 , 190 , 189 , 190 , 189 , 190 , 189 , 190 , 189 , 190 , 189 , 190 , 189 , 190 , 189 , 190 , 189 , 190 , 189 , 190 , 189 , 190 , 189 ,  
189 , 189 , 189 , 189 , 189 , 189 , 189 , 189 , 189 , 189 , 189 , 189 , 189 , 189 , 189 , 189 , 189 , 189 , 189 , 189 , 189 , 189 , 189 , 189 , 189 , 189 , 189 , 189 , 189 , 189 , 189 , 189 ,  
189 , 188 , 189 , 188 , 189 , 188 , 189 , 188 , 189 , 188 , 189 , 188 , 189 , 188 , 189 , 188 , 189 , 188 , 189 , 188 , 189 , 188 , 189 , 188 , 189 , 188 , 189 , 188 , 189 , 188 , 189 , 188 ,  
188 , 188 , 188 , 188 , 188 , 188 , 188 , 188 , 188 , 188 , 188 , 188 , 188 , 188 , 188 , 188 , 188 , 188 , 188 , 188 , 188 , 188 , 188 , 188 , 188 , 188 , 188 , 188 , 188 , 188 , 188 , 188 ,  
188 , 187 , 188 , 187 , 188 , 187 , 188 , 187 , 188 , 187 , 188 , 187 , 188 , 187 , 188 , 187 , 188 , 187 , 188 , 187 , 188 , 187 , 188 , 187 , 188 , 187 , 188 , 187 , 188 , 187 , 188 , 187 ,  
187 , 187 , 187 , 187 , 187 , 187 , 187 , 187 , 187 , 187 , 187 , 187 , 187 , 187 , 187 , 187 , 187 , 187 , 187 , 187 , 187 , 187 , 187 , 187 , 187 , 187 , 187 , 187 , 187 , 187 , 187 , 187 ,  
187 , 186 , 187 , 186 , 187 , 186 , 187 , 186 , 187 , 186 , 187 , 186 , 187 , 186 , 187 , 186 , 187 , 186 , 187 , 186 , 187 , 186 , 187 , 186 , 187 , 186 , 187 , 186 , 187 , 186 , 187 , 186 ,  
186 , 186 , 186 , 186 , 186 , 186 , 186 , 186 , 186 , 186 , 186 , 186 , 186 , 186 , 186 , 186 , 186 , 186 , 186 , 186 , 186 , 186 , 186 , 186 , 186 , 186 , 186 , 186 , 186 , 186 , 186 , 186 ,  
186 , 185 , 186 , 185 , 186 , 185 , 186 , 185 , 186 , 185 , 186 , 185 , 186 , 185 , 186 , 185 , 186 , 185 , 186 , 185 , 186 , 185 , 186 , 185 , 186 , 185 , 186 , 185 , 186 , 185 , 186 , 185 ,  
185 , 185 , 185 , 185 , 185 , 185 , 185 , 185 , 185 , 185 , 185 , 185 , 185 , 185 , 185 , 185 , 185 , 185 , 185 , 185 , 185 , 185 , 185 , 185 , 185 , 185 , 185 , 185 , 185 , 185 , 185 , 185 ,  
185 , 184 , 185 , 184 , 185 , 184 , 185 , 184 , 185 , 184 , 185 , 184 , 185 , 184 , 185 , 184 , 185 , 184 , 185 , 184 , 185 , 184 , 185 , 184 , 185 , 184 , 185 , 184 , 185 , 184 , 185 , 184 ,  
184 , 184 , 184 , 184 , 184 , 184 , 184 , 184 , 184 , 184 , 184 , 184 , 184 , 184 , 184 , 184 , 184 , 184 , 184 , 184 , 184 , 184 , 184 , 184 , 184 , 184 , 184 , 184 , 184 , 184 , 184 , 184 ,  
184 , 183 , 184 , 183 , 184 , 183 , 184 , 183 , 184 , 183 , 184 , 183 , 184 , 183 , 184 , 183 , 184 , 183 , 184 , 183 , 184 , 183 , 184 , 183 , 184 , 183 , 184 , 183 , 184 , 183 , 184 , 183 ,  
183 , 183 , 183 , 183 , 183 , 183 , 183 , 183 , 183 , 183 , 183 , 183 , 183 , 183 , 183 , 183 , 183 , 183 , 183 , 183 , 183 , 183 , 183 , 183 , 183 , 183 , 183 , 183 , 183 , 183 , 183 , 183 ,  
183 , 182 , 183 , 182 , 183 , 182 , 183 , 182 , 183 , 182 , 183 , 182 , 183 , 182 , 183 , 182 , 183 , 182 , 183 , 182 , 183 , 182 , 183 , 182 , 183 , 182 , 183 , 182 , 183 , 182 , 183 , 182 ,  
182 , 182 , 182 , 182 , 182 , 182 , 182 , 182 , 182 , 182 , 182 , 182 , 182 , 182 , 182 , 182 , 182 , 182 , 182 , 182 , 182 , 182 , 182 , 182 , 182 , 182 , 182 , 182 , 182 , 182 , 182 , 182 ,  
182 , 182 , 182 , 182 , 182 , 182 , 182 , 182 , 182 , 182 , 182 , 182 , 182 , 182 , 182 , 182 , 182 , 182 , 182 , 182 , 182 , 182 , 182 , 182 , 182 , 182 , 182 , 182 , 182 , 182 , 182 , 182 ,  
181 , 181 , 181 , 181 , 181 , 181 , 181 , 181 , 181 , 181 , 181 , 181 , 181 , 181 , 181 , 181 , 181 , 181 , 181 , 181 , 181 , 181 , 181 , 181 , 181 , 181 , 181 , 181 , 181 , 181 , 181 , 181 ,  
181 , 181 , 181 , 181 , 181 , 181 , 181 , 181 , 181 , 181 , 181 , 181 , 181 , 181 , 181 , 181 , 181 , 181 , 181 , 181 , 181 , 181 , 181 , 181 , 181 , 181 , 181 , 181 , 181 , 181 , 181 , 181 ,  
180 , 180 , 180 , 180 , 180 , 180 , 180 , 180 , 180 , 180 , 180 , 180 , 180 , 180 , 180 , 180 , 180 , 180 , 180 , 180 , 180 , 180 , 180 , 180 , 180 , 180 , 180 , 180 , 180 , 180 , 180 , 180 ,  
180 , 180 , 180 , 180 , 180 , 180 , 180 , 180 , 180 , 180 , 180 , 180 , 180 , 180 , 180 , 180 , 180 , 180 , 180 , 180 , 180 , 180 , 180 , 180 , 180 , 180 , 180 , 180 , 180 , 180 , 180 , 180 ,  
179 , 179 , 179 , 179 , 179 , 179 , 179 , 179 , 179 , 179 , 179 , 179 , 179 , 179 , 179 , 179 , 179 , 179 , 179 , 179 , 179 , 179 , 179 , 179 , 179 , 179 , 179 , 179 , 179 , 179 , 179 , 179 ,  
179 , 179 , 179 , 179 , 179 , 179 , 179 , 179 , 179 , 179 , 179 , 179 , 179 , 179 , 179 , 179 , 179 , 179 , 179 , 179 , 179 , 179 , 179 , 179 , 179 , 179 , 179 , 179 , 179 , 179 , 179 , 179 ,  
179 , 178 , 179 , 178 , 179 , 178 , 179 , 178 , 179 , 178 , 179 , 178 , 179 , 178 , 179 , 178 , 179 , 178 , 179 , 178 , 179 , 178 , 179 , 178 , 179 , 178 , 179 , 178 , 179 , 178 , 179 , 178 ,  
178 , 178 , 178 , 178 , 178 , 178 , 178 , 178 , 178 , 178 , 178 , 178 , 178 , 178 , 178 , 178 , 178 , 178 , 178 , 178 , 178 , 178 , 178 , 178 , 178 , 178 , 178 , 178 , 178 , 178 , 178 , 178 ,  
178 , 177 , 178 , 177 , 178 , 177 , 178 , 177 , 178 , 177 , 178 , 177 , 178 , 177 , 178 , 177 , 178 , 177 , 178 , 177 , 178 , 177 , 178 , 177 , 178 , 177 , 178 , 177 , 178 , 177 , 178 , 177 ,  
177 , 177 , 177 , 177 , 177 , 177 , 177 , 177 , 177 , 177 , 177 , 177 , 177 , 177 , 177 , 177 , 177 , 177 , 177 , 177 , 177 , 177 , 177 , 177 , 177 , 177 , 177 , 177 , 177 , 177 , 177 , 177 ,  
177 , 177 , 177 , 177 , 177 , 177 , 177 , 177 , 177 , 177 , 177 , 177 , 177 , 177 , 177 , 177 , 177 , 177 , 177 , 177 , 177 , 177 , 177 , 177 , 177 , 177 , 177 , 177 , 177 , 177 , 177 , 177 ,  
176 , 176 , 176 , 176 , 176 , 176 , 176 , 176 , 176 , 176 , 176 , 176 , 176 , 176 , 176 , 176 , 176 , 176 , 176 , 176 , 176 , 176 , 176 , 176 , 176 , 176 , 176 , 176 , 176 , 176 , 176 , 176 ,  
176 , 176 , 176 , 176 , 176 , 176 , 176 , 176 , 176 , 176 , 176 , 176 , 176 , 176 , 176 , 176 , 176 , 176 , 176 , 176 , 176 , 176 , 176 , 176 , 176 , 176 , 176 , 176 , 176 , 176 , 176 , 176 ,  
176 , 175 , 176 , 175 , 176 , 175 , 176 , 175 , 176 , 175 , 176 , 175 , 176 , 175 , 176 , 175 , 176 , 175 , 176 , 175 , 176 , 175 , 176 , 175 , 176 , 175 , 176 , 175 , 176 , 175 , 176 , 175 ,  
175 , 175 , 175 , 175 , 175 , 175 , 175 , 175 , 175 , 175 , 175 , 175 , 175 , 175 , 175 , 175 , 175 , 175 , 175 , 175 , 175 , 175 , 175 , 175 , 175 , 175 , 175 , 175 , 175 , 175 , 175 , 175 ,  
175 , 174 , 175 , 174 , 175 , 174 , 175 , 174 , 175 , 174 , 175 , 174 , 175 , 174 , 175 , 174 , 175 , 174 , 175 , 174 , 175 , 174 , 175 , 174 , 175 , 174 , 175 , 174 , 175 , 174 , 175 , 174 ,  
174 , 174 , 174 , 174 , 174 , 174 , 174 , 174 , 174 , 174 , 174 , 174 , 174 , 174 , 174 , 174 , 174 , 174 , 174 , 174 , 174 , 174 , 174 , 174 , 174 , 174 , 174 , 174 , 174 , 174 , 174 , 174 ,  
174 , 174 , 174 , 174 , 174 , 174 , 174 , 174 , 174 , 174 , 174 , 174 , 174 , 174 , 174 , 174 , 174 , 174 , 174 , 174 , 174 , 174 , 174 , 174 , 174 , 174 , 174 , 174 , 174 , 174 , 174 , 174 ,  
173 , 173 , 173 , 173 , 173 , 173 , 173 , 173 , 173 , 173 , 173 , 173 , 173 , 173 , 173 , 173 , 173 , 173 , 173 , 173 , 173 , 173 , 173 , 173 , 173 , 173 , 173 , 173 , 173 , 173 , 173 , 173 ,  
173 , 173 , 173 , 173 , 173 , 173 , 173 , 173 , 173 , 173 , 173 , 173 , 173 , 173 , 173 , 173 , 173 , 173 , 173 , 173 , 173 , 173 , 173 , 173 , 173 , 173 , 173 , 173 , 173 , 173 , 173 , 173 ,  
173 , 172 , 173 , 172 , 173 , 172 , 173 , 172 , 173 , 172 , 173 , 172 , 173 , 172 , 173 , 172 , 173 , 172 , 173 , 172 , 173 , 172 , 173 , 172 , 173 , 172 , 173 , 172 , 173 , 172 , 173 , 172 ,  
172 , 172 , 172 , 172 , 172 , 172 , 172 , 172 , 172 , 172 , 172 , 172 , 172 , 172 , 172 , 172 , 172 , 172 , 172 , 172 , 172 , 172 , 172 , 172 , 172 , 172 , 172 , 172 , 172 , 172 , 172 , 172 ,  
172 , 172 , 172 , 172 , 172 , 172 , 172 , 172 , 172 , 172 , 172 , 172 , 172 , 172 , 172 , 172 , 172 , 172 , 172 , 172 , 172 , 172 , 172 , 172 , 172 , 172 , 172 , 172 , 172 , 172 , 172 , 172 ,  
171 , 171 , 171 , 171 , 171 , 171 , 171 , 171 , 171 , 171 , 171 , 171 , 171 , 171 , 171 , 171 , 171 , 171 , 171 , 171 , 171 , 171 , 171 , 171 , 171 , 171 , 171 , 171 , 171 , 171 , 171 , 171 ,  
171 , 171 , 171 , 171 , 171 , 171 , 171 , 171 , 171 , 171 , 171 , 171 , 171 , 171 , 171 , 171 , 171 , 171 , 171 , 171 , 171 , 171 , 171 , 171 , 171 , 171 , 171 , 171 , 171 , 171 , 171 , 171 ,  
171 , 170 , 171 , 170 , 171 , 170 , 171 , 170 , 171 , 170 , 171 , 170 , 171 , 170 , 171 , 170 , 171 , 170 , 171 , 170 , 171 , 170 , 171 , 170 , 171 , 170 , 171 , 170 , 171 , 170 , 171 , 170 ,  
170 , 170 , 170 , 170 , 170 , 170 , 170 , 170 , 170 , 170 , 170 , 170 , 170 , 170 , 170 , 170 , 170 , 170 , 170 , 170 , 170 , 170 , 170 , 170 , 170 , 170 , 170 , 170 , 170 , 170 , 170 , 170 ,  
170 , 170 , 170 , 170 , 170 , 170 , 170 , 170 , 170 , 170 , 170 , 170 , 170 , 170 , 170 , 170 , 170 , 170 , 170 , 170 , 170 , 170 , 170 , 170 , 170 , 170 , 170 , 170 , 170 , 170 , 170 , 170 ,  
170 , 169 , 170 , 169 , 170 , 169 , 170 , 169 , 170 , 169 , 170 , 169 , 170 , 169 , 170 , 169 , 170 , 169 , 170 , 169 , 170 , 169 , 170 , 169 , 170 , 169 , 170 , 169 , 170 , 169 , 170 , 169 ,  
169 , 169 , 169 , 169 , 169 , 169 , 169 , 169 , 169 , 169 , 169 , 169 , 169 , 169 , 169 , 169 , 169 , 169 , 169 , 169 , 169 , 169 , 169 , 169 , 169 , 169 , 169 , 169 , 169 , 169 , 169 , 169 ,  
169 , 169 , 169 , 169 , 169 , 169 , 169 , 169 , 169 , 169 , 169 , 169 , 169 , 169 , 169 , 169 , 169 , 169 , 169 , 169 , 169 , 169 , 169 , 169 , 169 , 169 , 169 , 169 , 169 , 169 , 169 , 169 ,  
168 , 168 , 168 , 168 , 168 , 168 , 168 , 168 , 168 , 168 , 168 , 168 , 168 , 168 , 168 , 168 , 168 , 168 , 168 , 168 , 168 , 168 , 168 , 168 , 168 , 168 , 168 , 168 , 168 , 168 , 168 , 168 ,  
168 , 168 , 168 , 168 , 168 , 168 , 168 , 168 , 168 , 168 , 168 , 168 , 168 , 168 , 168 , 168 , 168 , 168 , 168 , 168 , 168 , 168 , 168 , 168 , 168 , 168 , 168 , 168 , 168 , 168 , 168 , 168 ,  
168 , 167 , 168 , 167 , 168 , 167 , 168 , 167 , 168 , 167 , 168 , 167 , 168 , 167 , 168 , 167 , 168 , 167 , 168 , 167 , 168 , 167 , 168 , 167 , 168 , 167 , 168 , 167 , 168 , 167 , 168 , 167 ,  
167 , 167 , 167 , 167 , 167 , 167 , 167 , 167 , 167 , 167 , 167 , 167 , 167 , 167 , 167 , 167 , 167 , 167 , 167 , 167 , 167 , 167 , 167 , 167 , 167 , 167 , 167 , 167 , 167 , 167 , 167 , 167 ,  
167 , 167 , 167 , 167 , 167 , 167 , 167 , 167 , 167 , 167 , 167 , 167 , 167 , 167 , 167 , 167 , 167 , 167 , 167 , 167 , 167 , 167 , 167 , 167 , 167 , 167 , 167 , 167 , 167 , 167 , 167 , 167 ,  
167 , 166 , 167 , 166 , 167 , 166 , 167 , 166 , 167 , 166 , 167 , 166 , 167 , 166 , 167 , 166 , 167 , 166 , 167 , 166 , 167 , 166 , 167 , 166 , 167 , 166 , 167 , 166 , 167 , 166 , 167 , 166 ,  
166 , 166 , 166 , 166 , 166 , 166 , 166 , 166 , 166 , 166 , 166 , 166 , 166 , 166 , 166 , 166 , 166 , 166 , 166 , 166 , 166 , 166 , 166 , 166 , 166 , 166 , 166 , 166 , 166 , 166 , 166 , 166 ,  
166 , 166 , 166 , 166 , 166 , 166 , 166 , 166 , 166 , 166 , 166 , 166 , 166 , 166 , 166 , 166 , 166 , 166 , 166 , 166 , 166 , 166 , 166 , 166 , 166 , 166 , 166 , 166 , 166 , 166 , 166 , 166 ,  
166 , 165 , 166 , 165 , 166 , 165 , 166 , 165 , 166 , 165 , 166 , 165 , 166 , 165 , 166 , 165 , 166 , 165 , 166 , 165 , 166 , 165 , 166 , 165 , 166 , 165 , 166 , 165 , 166 , 165 , 166 , 165 ,  
165 , 165 , 165 , 165 , 165 , 165 , 165 , 165 , 165 , 165 , 165 , 165 , 165 , 165 , 165 , 165 , 165 , 165 , 165 , 165 , 165 , 165 , 165 , 165 , 165 , 165 , 165 , 165 , 165 , 165 , 165 , 165 ,  
165 , 165 , 165 , 165 , 165 , 165 , 165 , 165 , 165 , 165 , 165 , 165 , 165 , 165 , 165 , 165 , 165 , 165 , 165 , 165 , 165 , 165 , 165 , 165 , 165 , 165 , 165 , 165 , 165 , 165 , 165 , 165 ,  
164 , 164 , 164 , 164 , 164 , 164 , 164 , 164 , 164 , 164 , 164 , 164 , 164 , 164 , 164 , 164 , 164 , 164 , 164 , 164 , 164 , 164 , 164 , 164 , 164 , 164 , 164 , 164 , 164 , 164 , 164 , 164 ,  
164 , 164 , 164 , 164 , 164 , 164 , 164 , 164 , 164 , 164 , 164 , 164 , 164 , 164 , 164 , 164 , 164 , 164 , 164 , 164 , 164 , 164 , 164 , 164 , 164 , 164 , 164 , 164 , 164 , 164 , 164 , 164 ,  
164 , 164 , 164 , 164 , 164 , 164 , 164 , 164 , 164 , 164 , 164 , 164 , 164 , 164 , 164 , 164 , 164 , 164 , 164 , 164 , 164 , 164 , 164 , 164 , 164 , 164 , 164 , 164 , 164 , 164 , 164 , 164 ,  
163 , 163 , 163 , 163 , 163 , 163 , 163 , 163 , 163 , 163 , 163 , 163 , 163 , 163 , 163 , 163 , 163 , 163 , 163 , 163 , 163 , 163 , 163 , 163 , 163 , 163 , 163 , 163 , 163 , 163 , 163 , 163 ,  
163 , 163 , 163 , 163 , 163 , 163 , 163 , 163 , 163 , 163 , 163 , 163 , 163 , 163 , 163 , 163 , 163 , 163 , 163 , 163 , 163 , 163 , 163 , 163 , 163 , 163 , 163 , 163 , 163 , 163 , 163 , 163 ,  
163 , 163 , 163 , 163 , 163 , 163 , 163 , 163 , 163 , 163 , 163 , 163 , 163 , 163 , 163 , 163 , 163 , 163 , 163 , 163 , 163 , 163 , 163 , 163 , 163 , 163 , 163 , 163 , 163 , 163 , 163 , 163 ,  
162 , 162 , 162 , 162 , 162 , 162 , 162 , 162 , 162 , 162 , 162 , 162 , 162 , 162 , 162 , 162 , 162 , 162 , 162 , 162 , 162 , 162 , 162 , 162 , 162 , 162 , 162 , 162 , 162 , 162 , 162 , 162 ,  
162 , 162 , 162 , 162 , 162 , 162 , 162 , 162 , 162 , 162 , 162 , 162 , 162 , 162 , 162 , 162 , 162 , 162 , 162 , 162 , 162 , 162 , 162 , 162 , 162 , 162 , 162 , 162 , 162 , 162 , 162 , 162 ,  
162 , 162 , 162 , 162 , 162 , 162 , 162 , 162 , 162 , 162 , 162 , 162 , 162 , 162 , 162 , 162 , 162 , 162 , 162 , 162 , 162 , 162 , 162 , 162 , 162 , 162 , 162 , 162 , 162 , 162 , 162 , 162 ,  
162 , 161 , 162 , 161 , 162 , 161 , 162 , 161 , 162 , 161 , 162 , 161 , 162 , 161 , 162 , 161 , 162 , 161 , 162 , 161 , 162 , 161 , 162 , 161 , 162 , 161 , 162 , 161 , 162 , 161 , 162 , 161 ,  
161 , 161 , 161 , 161 , 161 , 161 , 161 , 161 , 161 , 161 , 161 , 161 , 161 , 161 , 161 , 161 , 161 , 161 , 161 , 161 , 161 , 161 , 161 , 161 , 161 , 161 , 161 , 161 , 161 , 161 , 161 , 161 ,  
161 , 161 , 161 , 161 , 161 , 161 , 161 , 161 , 161 , 161 , 161 , 161 , 161 , 161 , 161 , 161 , 161 , 161 , 161 , 161 , 161 , 161 , 161 , 161 , 161 , 161 , 161 , 161 , 161 , 161 , 161 , 161 ,  
161 , 160 , 161 , 160 , 161 , 160 , 161 , 160 , 161 , 160 , 161 , 160 , 161 , 160 , 161 , 160 , 161 , 160 , 161 , 160 , 161 , 160 , 161 , 160 , 161 , 160 , 161 , 160 , 161 , 160 , 161 , 160 ,  
160 , 160 , 160 , 160 , 160 , 160 , 160 , 160 , 160 , 160 , 160 , 160 , 160 , 160 , 160 , 160 , 160 , 160 , 160 , 160 , 160 , 160 , 160 , 160 , 160 , 160 , 160 , 160 , 160 , 160 , 160 , 160 ,  
160 , 160 , 160 , 160 , 160 , 160 , 160 , 160 , 160 , 160 , 160 , 160 , 160 , 160 , 160 , 160 , 160 , 160 , 160 , 160 , 160 , 160 , 160 , 160 , 160 , 160 , 160 , 160 , 160 , 160 , 160 , 160 ,  
160 , 160 , 160 , 160 , 160 , 160 , 160 , 160 , 160 , 160 , 160 , 160 , 160 , 160 , 160 , 160 , 160 , 160 , 160 , 160 , 160 , 160 , 160 , 160 , 160 , 160 , 160 , 160 , 160 , 160 , 160 , 160 ,  
159 , 159 , 159 , 159 , 159 , 159 , 159 , 159 , 159 , 159 , 159 , 159 , 159 , 159 , 159 , 159 , 159 , 159 , 159 , 159 , 159 , 159 , 159 , 159 , 159 , 159 , 159 , 159 , 159 , 159 , 159 , 159 ,  
159 , 159 , 159 , 159 , 159 , 159 , 159 , 159 , 159 , 159 , 159 , 159 , 159 , 159 , 159 , 159 , 159 , 159 , 159 , 159 , 159 , 159 , 159 , 159 , 159 , 159 , 159 , 159 , 159 , 159 , 159 , 159 ,  
159 , 159 , 159 , 159 , 159 , 159 , 159 , 159 , 159 , 159 , 159 , 159 , 159 , 159 , 159 , 159 , 159 , 159 , 159 , 159 , 159 , 159 , 159 , 159 , 159 , 159 , 159 , 159 , 159 , 159 , 159 , 159 ,  
158 , 158 , 158 , 158 , 158 , 158 , 158 , 158 , 158 , 158 , 158 , 158 , 158 , 158 , 158 , 158 , 158 , 158 , 158 , 158 , 158 , 158 , 158 , 158 , 158 , 158 , 158 , 158 , 158 , 158 , 158 , 158 ,  
158 , 158 , 158 , 158 , 158 , 158 , 158 , 158 , 158 , 158 , 158 , 158 , 158 , 158 , 158 , 158 , 158 , 158 , 158 , 158 , 158 , 158 , 158 , 158 , 158 , 158 , 158 , 158 , 158 , 158 , 158 , 158 ,  
158 , 158 , 158 , 158 , 158 , 158 , 158 , 158 , 158 , 158 , 158 , 158 , 158 , 158 , 158 , 158 , 158 , 158 , 158 , 158 , 158 , 158 , 158 , 158 , 158 , 158 , 158 , 158 , 158 , 158 , 158 , 158 ,  
158 , 157 , 158 , 157 , 158 , 157 , 158 , 157 , 158 , 157 , 158 , 157 , 158 , 157 , 158 , 157 , 158 , 157 , 158 , 157 , 158 , 157 , 158 , 157 , 158 , 157 , 158 , 157 , 158 , 157 , 158 , 157 ,  
157 , 157 , 157 , 157 , 157 , 157 , 157 , 157 , 157 , 157 , 157 , 157 , 157 , 157 , 157 , 157 , 157 , 157 , 157 , 157 , 157 , 157 , 157 , 157 , 157 , 157 , 157 , 157 , 157 , 157 , 157 , 157 ,  
157 , 157 , 157 , 157 , 157 , 157 , 157 , 157 , 157 , 157 , 157 , 157 , 157 , 157 , 157 , 157 , 157 , 157 , 157 , 157 , 157 , 157 , 157 , 157 , 157 , 157 , 157 , 157 , 157 , 157 , 157 , 157 ,  
157 , 157 , 157 , 157 , 157 , 157 , 157 , 157 , 157 , 157 , 157 , 157 , 157 , 157 , 157 , 157 , 157 , 157 , 157 , 157 , 157 , 157 , 157 , 157 , 157 , 157 , 157 , 157 , 157 , 157 , 157 , 157 ,  
156 , 156 , 156 , 156 , 156 , 156 , 156 , 156 , 156 , 156 , 156 , 156 , 156 , 156 , 156 , 156 , 156 , 156 , 156 , 156 , 156 , 156 , 156 , 156 , 156 , 156 , 156 , 156 , 156 , 156 , 156 , 156 ,  
156 , 156 , 156 , 156 , 156 , 156 , 156 , 156 , 156 , 156 , 156 , 156 , 156 , 156 , 156 , 156 , 156 , 156 , 156 , 156 , 156 , 156 , 156 , 156 , 156 , 156 , 156 , 156 , 156 , 156 , 156 , 156 ,  
156 , 156 , 156 , 156 , 156 , 156 , 156 , 156 , 156 , 156 , 156 , 156 , 156 , 156 , 156 , 156 , 156 , 156 , 156 , 156 , 156 , 156 , 156 , 156 , 156 , 156 , 156 , 156 , 156 , 156 , 156 , 156 ,  
156 , 156 , 156 , 156 , 156 , 156 , 156 , 156 , 156 , 156 , 156 , 156 , 156 , 156 , 156 , 156 , 156 , 156 , 156 , 156 , 156 , 156 , 156 , 156 , 156 , 156 , 156 , 156 , 156 , 156 , 156 , 156 ,  
155 , 155 , 155 , 155 , 155 , 155 , 155 , 155 , 155 , 155 , 155 , 155 , 155 , 155 , 155 , 155 , 155 , 155 , 155 , 155 , 155 , 155 , 155 , 155 , 155 , 155 , 155 , 155 , 155 , 155 , 155 , 155 ,  
155 , 155 , 155 , 155 , 155 , 155 , 155 , 155 , 155 , 155 , 155 , 155 , 155 , 155 , 155 , 155 , 155 , 155 , 155 , 155 , 155 , 155 , 155 , 155 , 155 , 155 , 155 , 155 , 155 , 155 , 155 , 155 ,  
155 , 155 , 155 , 155 , 155 , 155 , 155 , 155 , 155 , 155 , 155 , 155 , 155 , 155 , 155 , 155 , 155 , 155 , 155 , 155 , 155 , 155 , 155 , 155 , 155 , 155 , 155 , 155 , 155 , 155 , 155 , 155 ,  
155 , 154 , 155 , 154 , 155 , 154 , 155 , 154 , 155 , 154 , 155 , 154 , 155 , 154 , 155 , 154 , 155 , 154 , 155 , 154 , 155 , 154 , 155 , 154 , 155 , 154 , 155 , 154 , 155 , 154 , 155 , 154 ,  
154 , 154 , 154 , 154 , 154 , 154 , 154 , 154 , 154 , 154 , 154 , 154 , 154 , 154 , 154 , 154 , 154 , 154 , 154 , 154 , 154 , 154 , 154 , 154 , 154 , 154 , 154 , 154 , 154 , 154 , 154 , 154 ,  
154 , 154 , 154 , 154 , 154 , 154 , 154 , 154 , 154 , 154 , 154 , 154 , 154 , 154 , 154 , 154 , 154 , 154 , 154 , 154 , 154 , 154 , 154 , 154 , 154 , 154 , 154 , 154 , 154 , 154 , 154 , 154 ,  
154 , 154 , 154 , 154 , 154 , 154 , 154 , 154 , 154 , 154 , 154 , 154 , 154 , 154 , 154 , 154 , 154 , 154 , 154 , 154 , 154 , 154 , 154 , 154 , 154 , 154 , 154 , 154 , 154 , 154 , 154 , 154 ,  
154 , 153 , 154 , 153 , 154 , 153 , 154 , 153 , 154 , 153 , 154 , 153 , 154 , 153 , 154 , 153 , 154 , 153 , 154 , 153 , 154 , 153 , 154 , 153 , 154 , 153 , 154 , 153 , 154 , 153 , 154 , 153 ,  
153 , 153 , 153 , 153 , 153 , 153 , 153 , 153 , 153 , 153 , 153 , 153 , 153 , 153 , 153 , 153 , 153 , 153 , 153 , 153 , 153 , 153 , 153 , 153 , 153 , 153 , 153 , 153 , 153 , 153 , 153 , 153 ,  
153 , 153 , 153 , 153 , 153 , 153 , 153 , 153 , 153 , 153 , 153 , 153 , 153 , 153 , 153 , 153 , 153 , 153 , 153 , 153 , 153 , 153 , 153 , 153 , 153 , 153 , 153 , 153 , 153 , 153 , 153 , 153 ,  
153 , 153 , 153 , 153 , 153 , 153 , 153 , 153 , 153 , 153 , 153 , 153 , 153 , 153 , 153 , 153 , 153 , 153 , 153 , 153 , 153 , 153 , 153 , 153 , 153 , 153 , 153 , 153 , 153 , 153 , 153 , 153 ,  
153 , 152 , 153 , 152 , 153 , 152 , 153 , 152 , 153 , 152 , 153 , 152 , 153 , 152 , 153 , 152 , 153 , 152 , 153 , 152 , 153 , 152 , 153 , 152 , 153 , 152 , 153 , 152 , 153 , 152 , 153 , 152 ,  
152 , 152 , 152 , 152 , 152 , 152 , 152 , 152 , 152 , 152 , 152 , 152 , 152 , 152 , 152 , 152 , 152 , 152 , 152 , 152 , 152 , 152 , 152 , 152 , 152 , 152 , 152 , 152 , 152 , 152 , 152 , 152 ,  
152 , 152 , 152 , 152 , 152 , 152 , 152 , 152 , 152 , 152 , 152 , 152 , 152 , 152 , 152 , 152 , 152 , 152 , 152 , 152 , 152 , 152 , 152 , 152 , 152 , 152 , 152 , 152 , 152 , 152 , 152 , 152 ,  
152 , 152 , 152 , 152 , 152 , 152 , 152 , 152 , 152 , 152 , 152 , 152 , 152 , 152 , 152 , 152 , 152 , 152 , 152 , 152 , 152 , 152 , 152 , 152 , 152 , 152 , 152 , 152 , 152 , 152 , 152 , 152 ,  
152 , 152 , 152 , 152 , 152 , 152 , 152 , 152 , 152 , 152 , 152 , 152 , 152 , 152 , 152 , 152 , 152 , 152 , 152 , 152 , 152 , 152 , 152 , 152 , 152 , 152 , 152 , 152 , 152 , 152 , 152 , 152 ,  
151 , 151 , 151 , 151 , 151 , 151 , 151 , 151 , 151 , 151 , 151 , 151 , 151 , 151 , 151 , 151 , 151 , 151 , 151 , 151 , 151 , 151 , 151 , 151 , 151 , 151 , 151 , 151 , 151 , 151 , 151 , 151 ,  
151 , 151 , 151 , 151 , 151 , 151 , 151 , 151 , 151 , 151 , 151 , 151 , 151 , 151 , 151 , 151 , 151 , 151 , 151 , 151 , 151 , 151 , 151 , 151 , 151 , 151 , 151 , 151 , 151 , 151 , 151 , 151 ,  
151 , 151 , 151 , 151 , 151 , 151 , 151 , 151 , 151 , 151 , 151 , 151 , 151 , 151 , 151 , 151 , 151 , 151 , 151 , 151 , 151 , 151 , 151 , 151 , 151 , 151 , 151 , 151 , 151 , 151 , 151 , 151 ,  
151 , 151 , 151 , 151 , 151 , 151 , 151 , 151 , 151 , 151 , 151 , 151 , 151 , 151 , 151 , 151 , 151 , 151 , 151 , 151 , 151 , 151 , 151 , 151 , 151 , 151 , 151 , 151 , 151 , 151 , 151 , 151 ,  
150 , 150 , 150 , 150 , 150 , 150 , 150 , 150 , 150 , 150 , 150 , 150 , 150 , 150 , 150 , 150 , 150 , 150 , 150 , 150 , 150 , 150 , 150 , 150 , 150 , 150 , 150 , 150 , 150 , 150 , 150 , 150 ,  
150 , 150 , 150 , 150 , 150 , 150 , 150 , 150 , 150 , 150 , 150 , 150 , 150 , 150 , 150 , 150 , 150 , 150 , 150 , 150 , 150 , 150 , 150 , 150 , 150 , 150 , 150 , 150 , 150 , 150 , 150 , 150 ,  
150 , 150 , 150 , 150 , 150 , 150 , 150 , 150 , 150 , 150 , 150 , 150 , 150 , 150 , 150 , 150 , 150 , 150 , 150 , 150 , 150 , 150 , 150 , 150 , 150 , 150 , 150 , 150 , 150 , 150 , 150 , 150 ,  
150 , 150 , 150 , 150 , 150 , 150 , 150 , 150 , 150 , 150 , 150 , 150 , 150 , 150 , 150 , 150 , 150 , 150 , 150 , 150 , 150 , 150 , 150 , 150 , 150 , 150 , 150 , 150 , 150 , 150 , 150 , 150 ,  
150 , 149 , 150 , 149 , 150 , 149 , 150 , 149 , 150 , 149 , 150 , 149 , 150 , 149 , 150 , 149 , 150 , 149 , 150 , 149 , 150 , 149 , 150 , 149 , 150 , 149 , 150 , 149 , 150 , 149 , 150 , 149 ,  
149 , 149 , 149 , 149 , 149 , 149 , 149 , 149 , 149 , 149 , 149 , 149 , 149 , 149 , 149 , 149 , 149 , 149 , 149 , 149 , 149 , 149 , 149 , 149 , 149 , 149 , 149 , 149 , 149 , 149 , 149 , 149 ,  
149 , 149 , 149 , 149 , 149 , 149 , 149 , 149 , 149 , 149 , 149 , 149 , 149 , 149 , 149 , 149 , 149 , 149 , 149 , 149 , 149 , 149 , 149 , 149 , 149 , 149 , 149 , 149 , 149 , 149 , 149 , 149 ,  
149 , 149 , 149 , 149 , 149 , 149 , 149 , 149 , 149 , 149 , 149 , 149 , 149 , 149 , 149 , 149 , 149 , 149 , 149 , 149 , 149 , 149 , 149 , 149 , 149 , 149 , 149 , 149 , 149 , 149 , 149 , 149 ,  
149 , 149 , 149 , 149 , 149 , 149 , 149 , 149 , 149 , 149 , 149 , 149 , 149 , 149 , 149 , 149 , 149 , 149 , 149 , 149 , 149 , 149 , 149 , 149 , 149 , 149 , 149 , 149 , 149 , 149 , 149 , 149 ,  
149 , 148 , 149 , 148 , 149 , 148 , 149 , 148 , 149 , 148 , 149 , 148 , 149 , 148 , 149 , 148 , 149 , 148 , 149 , 148 , 149 , 148 , 149 , 148 , 149 , 148 , 149 , 148 , 149 , 148 , 149 , 148 ,  
148 , 148 , 148 , 148 , 148 , 148 , 148 , 148 , 148 , 148 , 148 , 148 , 148 , 148 , 148 , 148 , 148 , 148 , 148 , 148 , 148 , 148 , 148 , 148 , 148 , 148 , 148 , 148 , 148 , 148 , 148 , 148 ,  
148 , 148 , 148 , 148 , 148 , 148 , 148 , 148 , 148 , 148 , 148 , 148 , 148 , 148 , 148 , 148 , 148 , 148 , 148 , 148 , 148 , 148 , 148 , 148 , 148 , 148 , 148 , 148 , 148 , 148 , 148 , 148 ,  
148 , 148 , 148 , 148 , 148 , 148 , 148 , 148 , 148 , 148 , 148 , 148 , 148 , 148 , 148 , 148 , 148 , 148 , 148 , 148 , 148 , 148 , 148 , 148 , 148 , 148 , 148 , 148 , 148 , 148 , 148 , 148 ,  
148 , 148 , 148 , 148 , 148 , 148 , 148 , 148 , 148 , 148 , 148 , 148 , 148 , 148 , 148 , 148 , 148 , 148 , 148 , 148 , 148 , 148 , 148 , 148 , 148 , 148 , 148 , 148 , 148 , 148 , 148 , 148 ,  
147 , 147 , 147 , 147 , 147 , 147 , 147 , 147 , 147 , 147 , 147 , 147 , 147 , 147 , 147 , 147 , 147 , 147 , 147 , 147 , 147 , 147 , 147 , 147 , 147 , 147 , 147 , 147 , 147 , 147 , 147 , 147 ,  
147 , 147 , 147 , 147 , 147 , 147 , 147 , 147 , 147 , 147 , 147 , 147 , 147 , 147 , 147 , 147 , 147 , 147 , 147 , 147 , 147 , 147 , 147 , 147 , 147 , 147 , 147 , 147 , 147 , 147 , 147 , 147 ,  
147 , 147 , 147 , 147 , 147 , 147 , 147 , 147 , 147 , 147 , 147 , 147 , 147 , 147 , 147 , 147 , 147 , 147 , 147 , 147 , 147 , 147 , 147 , 147 , 147 , 147 , 147 , 147 , 147 , 147 , 147 , 147 ,  
147 , 147 , 147 , 147 , 147 , 147 , 147 , 147 , 147 , 147 , 147 , 147 , 147 , 147 , 147 , 147 , 147 , 147 , 147 , 147 , 147 , 147 , 147 , 147 , 147 , 147 , 147 , 147 , 147 , 147 , 147 , 147 ,  
147 , 147 , 147 , 147 , 147 , 147 , 147 , 147 , 147 , 147 , 147 , 147 , 147 , 147 , 147 , 147 , 147 , 147 , 147 , 147 , 147 , 147 , 147 , 147 , 147 , 147 , 147 , 147 , 147 , 147 , 147 , 147 ,  
147 , 146 , 147 , 146 , 147 , 146 , 147 , 146 , 147 , 146 , 147 , 146 , 147 , 146 , 147 , 146 , 147 , 146 , 147 , 146 , 147 , 146 , 147 , 146 , 147 , 146 , 147 , 146 , 147 , 146 , 147 , 146 ,  
146 , 146 , 146 , 146 , 146 , 146 , 146 , 146 , 146 , 146 , 146 , 146 , 146 , 146 , 146 , 146 , 146 , 146 , 146 , 146 , 146 , 146 , 146 , 146 , 146 , 146 , 146 , 146 , 146 , 146 , 146 , 146 ,  
146 , 146 , 146 , 146 , 146 , 146 , 146 , 146 , 146 , 146 , 146 , 146 , 146 , 146 , 146 , 146 , 146 , 146 , 146 , 146 , 146 , 146 , 146 , 146 , 146 , 146 , 146 , 146 , 146 , 146 , 146 , 146 ,  
146 , 146 , 146 , 146 , 146 , 146 , 146 , 146 , 146 , 146 , 146 , 146 , 146 , 146 , 146 , 146 , 146 , 146 , 146 , 146 , 146 , 146 , 146 , 146 , 146 , 146 , 146 , 146 , 146 , 146 , 146 , 146 ,  
146 , 146 , 146 , 146 , 146 , 146 , 146 , 146 , 146 , 146 , 146 , 146 , 146 , 146 , 146 , 146 , 146 , 146 , 146 , 146 , 146 , 146 , 146 , 146 , 146 , 146 , 146 , 146 , 146 , 146 , 146 , 146 ,  
146 , 145 , 146 , 145 , 146 , 145 , 146 , 145 , 146 , 145 , 146 , 145 , 146 , 145 , 146 , 145 , 146 , 145 , 146 , 145 , 146 , 145 , 146 , 145 , 146 , 145 , 146 , 145 , 146 , 145 , 146 , 145 ,  
145 , 145 , 145 , 145 , 145 , 145 , 145 , 145 , 145 , 145 , 145 , 145 , 145 , 145 , 145 , 145 , 145 , 145 , 145 , 145 , 145 , 145 , 145 , 145 , 145 , 145 , 145 , 145 , 145 , 145 , 145 , 145 ,  
145 , 145 , 145 , 145 , 145 , 145 , 145 , 145 , 145 , 145 , 145 , 145 , 145 , 145 , 145 , 145 , 145 , 145 , 145 , 145 , 145 , 145 , 145 , 145 , 145 , 145 , 145 , 145 , 145 , 145 , 145 , 145 ,  
145 , 145 , 145 , 145 , 145 , 145 , 145 , 145 , 145 , 145 , 145 , 145 , 145 , 145 , 145 , 145 , 145 , 145 , 145 , 145 , 145 , 145 , 145 , 145 , 145 , 145 , 145 , 145 , 145 , 145 , 145 , 145 ,  
145 , 145 , 145 , 145 , 145 , 145 , 145 , 145 , 145 , 145 , 145 , 145 , 145 , 145 , 145 , 145 , 145 , 145 , 145 , 145 , 145 , 145 , 145 , 145 , 145 , 145 , 145 , 145 , 145 , 145 , 145 , 145 ,  
145 , 145 , 145 , 145 , 145 , 145 , 145 , 145 , 145 , 145 , 145 , 145 , 145 , 145 , 145 , 145 , 145 , 145 , 145 , 145 , 145 , 145 , 145 , 145 , 145 , 145 , 145 , 145 , 145 , 145 , 145 , 145 ,  
144 , 144 , 144 , 144 , 144 , 144 , 144 , 144 , 144 , 144 , 144 , 144 , 144 , 144 , 144 , 144 , 144 , 144 , 144 , 144 , 144 , 144 , 144 , 144 , 144 , 144 , 144 , 144 , 144 , 144 , 144 , 144 ,  
144 , 144 , 144 , 144 , 144 , 144 , 144 , 144 , 144 , 144 , 144 , 144 , 144 , 144 , 144 , 144 , 144 , 144 , 144 , 144 , 144 , 144 , 144 , 144 , 144 , 144 , 144 , 144 , 144 , 144 , 144 , 144 ,  
144 , 144 , 144 , 144 , 144 , 144 , 144 , 144 , 144 , 144 , 144 , 144 , 144 , 144 , 144 , 144 , 144 , 144 , 144 , 144 , 144 , 144 , 144 , 144 , 144 , 144 , 144 , 144 , 144 , 144 , 144 , 144 ,  
144 , 144 , 144 , 144 , 144 , 144 , 144 , 144 , 144 , 144 , 144 , 144 , 144 , 144 , 144 , 144 , 144 , 144 , 144 , 144 , 144 , 144 , 144 , 144 , 144 , 144 , 144 , 144 , 144 , 144 , 144 , 144 ,  
144 , 144 , 144 , 144 , 144 , 144 , 144 , 144 , 144 , 144 , 144 , 144 , 144 , 144 , 144 , 144 , 144 , 144 , 144 , 144 , 144 , 144 , 144 , 144 , 144 , 144 , 144 , 144 , 144 , 144 , 144 , 144 ,  
144 , 144 , 144 , 144 , 144 , 144 , 144 , 144 , 144 , 144 , 144 , 144 , 144 , 144 , 144 , 144 , 144 , 144 , 144 , 144 , 144 , 144 , 144 , 144 , 144 , 144 , 144 , 144 , 144 , 144 , 144 , 144 ,  
143 , 143 , 143 , 143 , 143 , 143 , 143 , 143 , 143 , 143 , 143 , 143 , 143 , 143 , 143 , 143 , 143 , 143 , 143 , 143 , 143 , 143 , 143 , 143 , 143 , 143 , 143 , 143 , 143 , 143 , 143 , 143 ,  
143 , 143 , 143 , 143 , 143 , 143 , 143 , 143 , 143 , 143 , 143 , 143 , 143 , 143 , 143 , 143 , 143 , 143 , 143 , 143 , 143 , 143 , 143 , 143 , 143 , 143 , 143 , 143 , 143 , 143 , 143 , 143 ,  
143 , 143 , 143 , 143 , 143 , 143 , 143 , 143 , 143 , 143 , 143 , 143 , 143 , 143 , 143 , 143 , 143 , 143 , 143 , 143 , 143 , 143 , 143 , 143 , 143 , 143 , 143 , 143 , 143 , 143 , 143 , 143 ,  
143 , 143 , 143 , 143 , 143 , 143 , 143 , 143 , 143 , 143 , 143 , 143 , 143 , 143 , 143 , 143 , 143 , 143 , 143 , 143 , 143 , 143 , 143 , 143 , 143 , 143 , 143 , 143 , 143 , 143 , 143 , 143 ,  
143 , 143 , 143 , 143 , 143 , 143 , 143 , 143 , 143 , 143 , 143 , 143 , 143 , 143 , 143 , 143 , 143 , 143 , 143 , 143 , 143 , 143 , 143 , 143 , 143 , 143 , 143 , 143 , 143 , 143 , 143 , 143 ,  
143 , 143 , 143 , 143 , 143 , 143 , 143 , 143 , 143 , 143 , 143 , 143 , 143 , 143 , 143 , 143 , 143 , 143 , 143 , 143 , 143 , 143 , 143 , 143 , 143 , 143 , 143 , 143 , 143 , 143 , 143 , 143 ,  
142 , 142 , 142 , 142 , 142 , 142 , 142 , 142 , 142 , 142 , 142 , 142 , 142 , 142 , 142 , 142 , 142 , 142 , 142 , 142 , 142 , 142 , 142 , 142 , 142 , 142 , 142 , 142 , 142 , 142 , 142 , 142 ,  
142 , 142 , 142 , 142 , 142 , 142 , 142 , 142 , 142 , 142 , 142 , 142 , 142 , 142 , 142 , 142 , 142 , 142 , 142 , 142 , 142 , 142 , 142 , 142 , 142 , 142 , 142 , 142 , 142 , 142 , 142 , 142 ,  
142 , 142 , 142 , 142 , 142 , 142 , 142 , 142 , 142 , 142 , 142 , 142 , 142 , 142 , 142 , 142 , 142 , 142 , 142 , 142 , 142 , 142 , 142 , 142 , 142 , 142 , 142 , 142 , 142 , 142 , 142 , 142 ,  
142 , 142 , 142 , 142 , 142 , 142 , 142 , 142 , 142 , 142 , 142 , 142 , 142 , 142 , 142 , 142 , 142 , 142 , 142 , 142 , 142 , 142 , 142 , 142 , 142 , 142 , 142 , 142 , 142 , 142 , 142 , 142 ,  
142 , 142 , 142 , 142 , 142 , 142 , 142 , 142 , 142 , 142 , 142 , 142 , 142 , 142 , 142 , 142 , 142 , 142 , 142 , 142 , 142 , 142 , 142 , 142 , 142 , 142 , 142 , 142 , 142 , 142 , 142 , 142 ,  
142 , 142 , 142 , 142 , 142 , 142 , 142 , 142 , 142 , 142 , 142 , 142 , 142 , 142 , 142 , 142 , 142 , 142 , 142 , 142 , 142 , 142 , 142 , 142 , 142 , 142 , 142 , 142 , 142 , 142 , 142 , 142 ,  
142 , 141 , 142 , 141 , 142 , 141 , 142 , 141 , 142 , 141 , 142 , 141 , 142 , 141 , 142 , 141 , 142 , 141 , 142 , 141 , 142 , 141 , 142 , 141 , 142 , 141 , 142 , 141 , 142 , 141 , 142 , 141 ,  
141 , 141 , 141 , 141 , 141 , 141 , 141 , 141 , 141 , 141 , 141 , 141 , 141 , 141 , 141 , 141 , 141 , 141 , 141 , 141 , 141 , 141 , 141 , 141 , 141 , 141 , 141 , 141 , 141 , 141 , 141 , 141 ,  
141 , 141 , 141 , 141 , 141 , 141 , 141 , 141 , 141 , 141 , 141 , 141 , 141 , 141 , 141 , 141 , 141 , 141 , 141 , 141 , 141 , 141 , 141 , 141 , 141 , 141 , 141 , 141 , 141 , 141 , 141 , 141 ,  
141 , 141 , 141 , 141 , 141 , 141 , 141 , 141 , 141 , 141 , 141 , 141 , 141 , 141 , 141 , 141 , 141 , 141 , 141 , 141 , 141 , 141 , 141 , 141 , 141 , 141 , 141 , 141 , 141 , 141 , 141 , 141 ,  
141 , 141 , 141 , 141 , 141 , 141 , 141 , 141 , 141 , 141 , 141 , 141 , 141 , 141 , 141 , 141 , 141 , 141 , 141 , 141 , 141 , 141 , 141 , 141 , 141 , 141 , 141 , 141 , 141 , 141 , 141 , 141 ,  
141 , 141 , 141 , 141 , 141 , 141 , 141 , 141 , 141 , 141 , 141 , 141 , 141 , 141 , 141 , 141 , 141 , 141 , 141 , 141 , 141 , 141 , 141 , 141 , 141 , 141 , 141 , 141 , 141 , 141 , 141 , 141 ,  
141 , 141 , 141 , 141 , 141 , 141 , 141 , 141 , 141 , 141 , 141 , 141 , 141 , 141 , 141 , 141 , 141 , 141 , 141 , 141 , 141 , 141 , 141 , 141 , 141 , 141 , 141 , 141 , 141 , 141 , 141 , 141 ,  
141 , 140 , 141 , 140 , 141 , 140 , 141 , 140 , 141 , 140 , 141 , 140 , 141 , 140 , 141 , 140 , 141 , 140 , 141 , 140 , 141 , 140 , 141 , 140 , 141 , 140 , 141 , 140 , 141 , 140 , 141 , 140 ,  
140 , 140 , 140 , 140 , 140 , 140 , 140 , 140 , 140 , 140 , 140 , 140 , 140 , 140 , 140 , 140 , 140 , 140 , 140 , 140 , 140 , 140 , 140 , 140 , 140 , 140 , 140 , 140 , 140 , 140 , 140 , 140 ,  
140 , 140 , 140 , 140 , 140 , 140 , 140 , 140 , 140 , 140 , 140 , 140 , 140 , 140 , 140 , 140 , 140 , 140 , 140 , 140 , 140 , 140 , 140 , 140 , 140 , 140 , 140 , 140 , 140 , 140 , 140 , 140 ,  
140 , 140 , 140 , 140 , 140 , 140 , 140 , 140 , 140 , 140 , 140 , 140 , 140 , 140 , 140 , 140 , 140 , 140 , 140 , 140 , 140 , 140 , 140 , 140 , 140 , 140 , 140 , 140 , 140 , 140 , 140 , 140 ,  
140 , 140 , 140 , 140 , 140 , 140 , 140 , 140 , 140 , 140 , 140 , 140 , 140 , 140 , 140 , 140 , 140 , 140 , 140 , 140 , 140 , 140 , 140 , 140 , 140 , 140 , 140 , 140 , 140 , 140 , 140 , 140 ,  
140 , 140 , 140 , 140 , 140 , 140 , 140 , 140 , 140 , 140 , 140 , 140 , 140 , 140 , 140 , 140 , 140 , 140 , 140 , 140 , 140 , 140 , 140 , 140 , 140 , 140 , 140 , 140 , 140 , 140 , 140 , 140 ,  
140 , 140 , 140 , 140 , 140 , 140 , 140 , 140 , 140 , 140 , 140 , 140 , 140 , 140 , 140 , 140 , 140 , 140 , 140 , 140 , 140 , 140 , 140 , 140 , 140 , 140 , 140 , 140 , 140 , 140 , 140 , 140 ,  
140 , 140 , 140 , 140 , 140 , 140 , 140 , 140 , 140 , 140 , 140 , 140 , 140 , 140 , 140 , 140 , 140 , 140 , 140 , 140 , 140 , 140 , 140 , 140 , 140 , 140 , 140 , 140 , 140 , 140 , 140 , 140 ,  
139 , 139 , 139 , 139 , 139 , 139 , 139 , 139 , 139 , 139 , 139 , 139 , 139 , 139 , 139 , 139 , 139 , 139 , 139 , 139 , 139 , 139 , 139 , 139 , 139 , 139 , 139 , 139 , 139 , 139 , 139 , 139 ,  
139 , 139 , 139 , 139 , 139 , 139 , 139 , 139 , 139 , 139 , 139 , 139 , 139 , 139 , 139 , 139 , 139 , 139 , 139 , 139 , 139 , 139 , 139 , 139 , 139 , 139 , 139 , 139 , 139 , 139 , 139 , 139 ,  
139 , 139 , 139 , 139 , 139 , 139 , 139 , 139 , 139 , 139 , 139 , 139 , 139 , 139 , 139 , 139 , 139 , 139 , 139 , 139 , 139 , 139 , 139 , 139 , 139 , 139 , 139 , 139 , 139 , 139 , 139 , 139 ,  
139 , 139 , 139 , 139 , 139 , 139 , 139 , 139 , 139 , 139 , 139 , 139 , 139 , 139 , 139 , 139 , 139 , 139 , 139 , 139 , 139 , 139 , 139 , 139 , 139 , 139 , 139 , 139 , 139 , 139 , 139 , 139 ,  
139 , 139 , 139 , 139 , 139 , 139 , 139 , 139 , 139 , 139 , 139 , 139 , 139 , 139 , 139 , 139 , 139 , 139 , 139 , 139 , 139 , 139 , 139 , 139 , 139 , 139 , 139 , 139 , 139 , 139 , 139 , 139 ,  
139 , 139 , 139 , 139 , 139 , 139 , 139 , 139 , 139 , 139 , 139 , 139 , 139 , 139 , 139 , 139 , 139 , 139 , 139 , 139 , 139 , 139 , 139 , 139 , 139 , 139 , 139 , 139 , 139 , 139 , 139 , 139 ,  
139 , 139 , 139 , 139 , 139 , 139 , 139 , 139 , 139 , 139 , 139 , 139 , 139 , 139 , 139 , 139 , 139 , 139 , 139 , 139 , 139 , 139 , 139 , 139 , 139 , 139 , 139 , 139 , 139 , 139 , 139 , 139 ,  
139 , 139 , 139 , 139 , 139 , 139 , 139 , 139 , 139 , 139 , 139 , 139 , 139 , 139 , 139 , 139 , 139 , 139 , 139 , 139 , 139 , 139 , 139 , 139 , 139 , 139 , 139 , 139 , 139 , 139 , 139 , 139 ,  
138 , 138 , 138 , 138 , 138 , 138 , 138 , 138 , 138 , 138 , 138 , 138 , 138 , 138 , 138 , 138 , 138 , 138 , 138 , 138 , 138 , 138 , 138 , 138 , 138 , 138 , 138 , 138 , 138 , 138 , 138 , 138 ,  
138 , 138 , 138 , 138 , 138 , 138 , 138 , 138 , 138 , 138 , 138 , 138 , 138 , 138 , 138 , 138 , 138 , 138 , 138 , 138 , 138 , 138 , 138 , 138 , 138 , 138 , 138 , 138 , 138 , 138 , 138 , 138 ,  
138 , 138 , 138 , 138 , 138 , 138 , 138 , 138 , 138 , 138 , 138 , 138 , 138 , 138 , 138 , 138 , 138 , 138 , 138 , 138 , 138 , 138 , 138 , 138 , 138 , 138 , 138 , 138 , 138 , 138 , 138 , 138 ,  
138 , 138 , 138 , 138 , 138 , 138 , 138 , 138 , 138 , 138 , 138 , 138 , 138 , 138 , 138 , 138 , 138 , 138 , 138 , 138 , 138 , 138 , 138 , 138 , 138 , 138 , 138 , 138 , 138 , 138 , 138 , 138 ,  
138 , 138 , 138 , 138 , 138 , 138 , 138 , 138 , 138 , 138 , 138 , 138 , 138 , 138 , 138 , 138 , 138 , 138 , 138 , 138 , 138 , 138 , 138 , 138 , 138 , 138 , 138 , 138 , 138 , 138 , 138 , 138 ,  
138 , 138 , 138 , 138 , 138 , 138 , 138 , 138 , 138 , 138 , 138 , 138 , 138 , 138 , 138 , 138 , 138 , 138 , 138 , 138 , 138 , 138 , 138 , 138 , 138 , 138 , 138 , 138 , 138 , 138 , 138 , 138 ,  
138 , 138 , 138 , 138 , 138 , 138 , 138 , 138 , 138 , 138 , 138 , 138 , 138 , 138 , 138 , 138 , 138 , 138 , 138 , 138 , 138 , 138 , 138 , 138 , 138 , 138 , 138 , 138 , 138 , 138 , 138 , 138 ,  
138 , 138 , 138 , 138 , 138 , 138 , 138 , 138 , 138 , 138 , 138 , 138 , 138 , 138 , 138 , 138 , 138 , 138 , 138 , 138 , 138 , 138 , 138 , 138 , 138 , 138 , 138 , 138 , 138 , 138 , 138 , 138 ,  
137 , 137 , 137 , 137 , 137 , 137 , 137 , 137 , 137 , 137 , 137 , 137 , 137 , 137 , 137 , 137 , 137 , 137 , 137 , 137 , 137 , 137 , 137 , 137 , 137 , 137 , 137 , 137 , 137 , 137 , 137 , 137 ,  
137 , 137 , 137 , 137 , 137 , 137 , 137 , 137 , 137 , 137 , 137 , 137 , 137 , 137 , 137 , 137 , 137 , 137 , 137 , 137 , 137 , 137 , 137 , 137 , 137 , 137 , 137 , 137 , 137 , 137 , 137 , 137 ,  
137 , 137 , 137 , 137 , 137 , 137 , 137 , 137 , 137 , 137 , 137 , 137 , 137 , 137 , 137 , 137 , 137 , 137 , 137 , 137 , 137 , 137 , 137 , 137 , 137 , 137 , 137 , 137 , 137 , 137 , 137 , 137 ,  
137 , 137 , 137 , 137 , 137 , 137 , 137 , 137 , 137 , 137 , 137 , 137 , 137 , 137 , 137 , 137 , 137 , 137 , 137 , 137 , 137 , 137 , 137 , 137 , 137 , 137 , 137 , 137 , 137 , 137 , 137 , 137 ,  
137 , 137 , 137 , 137 , 137 , 137 , 137 , 137 , 137 , 137 , 137 , 137 , 137 , 137 , 137 , 137 , 137 , 137 , 137 , 137 , 137 , 137 , 137 , 137 , 137 , 137 , 137 , 137 , 137 , 137 , 137 , 137 ,  
137 , 137 , 137 , 137 , 137 , 137 , 137 , 137 , 137 , 137 , 137 , 137 , 137 , 137 , 137 , 137 , 137 , 137 , 137 , 137 , 137 , 137 , 137 , 137 , 137 , 137 , 137 , 137 , 137 , 137 , 137 , 137 ,  
137 , 137 , 137 , 137 , 137 , 137 , 137 , 137 , 137 , 137 , 137 , 137 , 137 , 137 , 137 , 137 , 137 , 137 , 137 , 137 , 137 , 137 , 137 , 137 , 137 , 137 , 137 , 137 , 137 , 137 , 137 , 137 ,  
137 , 137 , 137 , 137 , 137 , 137 , 137 , 137 , 137 , 137 , 137 , 137 , 137 , 137 , 137 , 137 , 137 , 137 , 137 , 137 , 137 , 137 , 137 , 137 , 137 , 137 , 137 , 137 , 137 , 137 , 137 , 137 ,  
137 , 137 , 137 , 137 , 137 , 137 , 137 , 137 , 137 , 137 , 137 , 137 , 137 , 137 , 137 , 137 , 137 , 137 , 137 , 137 , 137 , 137 , 137 , 137 , 137 , 137 , 137 , 137 , 137 , 137 , 137 , 137 ,  
136 , 136 , 136 , 136 , 136 , 136 , 136 , 136 , 136 , 136 , 136 , 136 , 136 , 136 , 136 , 136 , 136 , 136 , 136 , 136 , 136 , 136 , 136 , 136 , 136 , 136 , 136 , 136 , 136 , 136 , 136 , 136 ,  
136 , 136 , 136 , 136 , 136 , 136 , 136 , 136 , 136 , 136 , 136 , 136 , 136 , 136 , 136 , 136 , 136 , 136 , 136 , 136 , 136 , 136 , 136 , 136 , 136 , 136 , 136 , 136 , 136 , 136 , 136 , 136 ,  
136 , 136 , 136 , 136 , 136 , 136 , 136 , 136 , 136 , 136 , 136 , 136 , 136 , 136 , 136 , 136 , 136 , 136 , 136 , 136 , 136 , 136 , 136 , 136 , 136 , 136 , 136 , 136 , 136 , 136 , 136 , 136 ,  
136 , 136 , 136 , 136 , 136 , 136 , 136 , 136 , 136 , 136 , 136 , 136 , 136 , 136 , 136 , 136 , 136 , 136 , 136 , 136 , 136 , 136 , 136 , 136 , 136 , 136 , 136 , 136 , 136 , 136 , 136 , 136 ,  
136 , 136 , 136 , 136 , 136 , 136 , 136 , 136 , 136 , 136 , 136 , 136 , 136 , 136 , 136 , 136 , 136 , 136 , 136 , 136 , 136 , 136 , 136 , 136 , 136 , 136 , 136 , 136 , 136 , 136 , 136 , 136 ,  
136 , 136 , 136 , 136 , 136 , 136 , 136 , 136 , 136 , 136 , 136 , 136 , 136 , 136 , 136 , 136 , 136 , 136 , 136 , 136 , 136 , 136 , 136 , 136 , 136 , 136 , 136 , 136 , 136 , 136 , 136 , 136 ,  
136 , 136 , 136 , 136 , 136 , 136 , 136 , 136 , 136 , 136 , 136 , 136 , 136 , 136 , 136 , 136 , 136 , 136 , 136 , 136 , 136 , 136 , 136 , 136 , 136 , 136 , 136 , 136 , 136 , 136 , 136 , 136 ,  
136 , 136 , 136 , 136 , 136 , 136 , 136 , 136 , 136 , 136 , 136 , 136 , 136 , 136 , 136 , 136 , 136 , 136 , 136 , 136 , 136 , 136 , 136 , 136 , 136 , 136 , 136 , 136 , 136 , 136 , 136 , 136 ,  
136 , 136 , 136 , 136 , 136 , 136 , 136 , 136 , 136 , 136 , 136 , 136 , 136 , 136 , 136 , 136 , 136 , 136 , 136 , 136 , 136 , 136 , 136 , 136 , 136 , 136 , 136 , 136 , 136 , 136 , 136 , 136 ,  
136 , 135 , 136 , 135 , 136 , 135 , 136 , 135 , 136 , 135 , 136 , 135 , 136 , 135 , 136 , 135 , 136 , 135 , 136 , 135 , 136 , 135 , 136 , 135 , 136 , 135 , 136 , 135 , 136 , 135 , 136 , 135 ,  
135 , 135 , 135 , 135 , 135 , 135 , 135 , 135 , 135 , 135 , 135 , 135 , 135 , 135 , 135 , 135 , 135 , 135 , 135 , 135 , 135 , 135 , 135 , 135 , 135 , 135 , 135 , 135 , 135 , 135 , 135 , 135 ,  
135 , 135 , 135 , 135 , 135 , 135 , 135 , 135 , 135 , 135 , 135 , 135 , 135 , 135 , 135 , 135 , 135 , 135 , 135 , 135 , 135 , 135 , 135 , 135 , 135 , 135 , 135 , 135 , 135 , 135 , 135 , 135 ,  
135 , 135 , 135 , 135 , 135 , 135 , 135 , 135 , 135 , 135 , 135 , 135 , 135 , 135 , 135 , 135 , 135 , 135 , 135 , 135 , 135 , 135 , 135 , 135 , 135 , 135 , 135 , 135 , 135 , 135 , 135 , 135 ,  
135 , 135 , 135 , 135 , 135 , 135 , 135 , 135 , 135 , 135 , 135 , 135 , 135 , 135 , 135 , 135 , 135 , 135 , 135 , 135 , 135 , 135 , 135 , 135 , 135 , 135 , 135 , 135 , 135 , 135 , 135 , 135 ,  
135 , 135 , 135 , 135 , 135 , 135 , 135 , 135 , 135 , 135 , 135 , 135 , 135 , 135 , 135 , 135 , 135 , 135 , 135 , 135 , 135 , 135 , 135 , 135 , 135 , 135 , 135 , 135 , 135 , 135 , 135 , 135 ,  
135 , 135 , 135 , 135 , 135 , 135 , 135 , 135 , 135 , 135 , 135 , 135 , 135 , 135 , 135 , 135 , 135 , 135 , 135 , 135 , 135 , 135 , 135 , 135 , 135 , 135 , 135 , 135 , 135 , 135 , 135 , 135 ,  
135 , 135 , 135 , 135 , 135 , 135 , 135 , 135 , 135 , 135 , 135 , 135 , 135 , 135 , 135 , 135 , 135 , 135 , 135 , 135 , 135 , 135 , 135 , 135 , 135 , 135 , 135 , 135 , 135 , 135 , 135 , 135 ,  
135 , 135 , 135 , 135 , 135 , 135 , 135 , 135 , 135 , 135 , 135 , 135 , 135 , 135 , 135 , 135 , 135 , 135 , 135 , 135 , 135 , 135 , 135 , 135 , 135 , 135 , 135 , 135 , 135 , 135 , 135 , 135 ,  
135 , 135 , 135 , 135 , 135 , 135 , 135 , 135 , 135 , 135 , 135 , 135 , 135 , 135 , 135 , 135 , 135 , 135 , 135 , 135 , 135 , 135 , 135 , 135 , 135 , 135 , 135 , 135 , 135 , 135 , 135 , 135 ,  
135 , 134 , 135 , 134 , 135 , 134 , 135 , 134 , 135 , 134 , 135 , 134 , 135 , 134 , 135 , 134 , 135 , 134 , 135 , 134 , 135 , 134 , 135 , 134 , 135 , 134 , 135 , 134 , 135 , 134 , 135 , 134 ,  
134 , 134 , 134 , 134 , 134 , 134 , 134 , 134 , 134 , 134 , 134 , 134 , 134 , 134 , 134 , 134 , 134 , 134 , 134 , 134 , 134 , 134 , 134 , 134 , 134 , 134 , 134 , 134 , 134 , 134 , 134 , 134 ,  
134 , 134 , 134 , 134 , 134 , 134 , 134 , 134 , 134 , 134 , 134 , 134 , 134 , 134 , 134 , 134 , 134 , 134 , 134 , 134 , 134 , 134 , 134 , 134 , 134 , 134 , 134 , 134 , 134 , 134 , 134 , 134 ,  
134 , 134 , 134 , 134 , 134 , 134 , 134 , 134 , 134 , 134 , 134 , 134 , 134 , 134 , 134 , 134 , 134 , 134 , 134 , 134 , 134 , 134 , 134 , 134 , 134 , 134 , 134 , 134 , 134 , 134 , 134 , 134 ,  
134 , 134 , 134 , 134 , 134 , 134 , 134 , 134 , 134 , 134 , 134 , 134 , 134 , 134 , 134 , 134 , 134 , 134 , 134 , 134 , 134 , 134 , 134 , 134 , 134 , 134 , 134 , 134 , 134 , 134 , 134 , 134 ,  
134 , 134 , 134 , 134 , 134 , 134 , 134 , 134 , 134 , 134 , 134 , 134 , 134 , 134 , 134 , 134 , 134 , 134 , 134 , 134 , 134 , 134 , 134 , 134 , 134 , 134 , 134 , 134 , 134 , 134 , 134 , 134 ,  
134 , 134 , 134 , 134 , 134 , 134 , 134 , 134 , 134 , 134 , 134 , 134 , 134 , 134 , 134 , 134 , 134 , 134 , 134 , 134 , 134 , 134 , 134 , 134 , 134 , 134 , 134 , 134 , 134 , 134 , 134 , 134 ,  
134 , 134 , 134 , 134 , 134 , 134 , 134 , 134 , 134 , 134 , 134 , 134 , 134 , 134 , 134 , 134 , 134 , 134 , 134 , 134 , 134 , 134 , 134 , 134 , 134 , 134 , 134 , 134 , 134 , 134 , 134 , 134 ,  
134 , 134 , 134 , 134 , 134 , 134 , 134 , 134 , 134 , 134 , 134 , 134 , 134 , 134 , 134 , 134 , 134 , 134 , 134 , 134 , 134 , 134 , 134 , 134 , 134 , 134 , 134 , 134 , 134 , 134 , 134 , 134 ,  
134 , 134 , 134 , 134 , 134 , 134 , 134 , 134 , 134 , 134 , 134 , 134 , 134 , 134 , 134 , 134 , 134 , 134 , 134 , 134 , 134 , 134 , 134 , 134 , 134 , 134 , 134 , 134 , 134 , 134 , 134 , 134 ,  
134 , 134 , 134 , 134 , 134 , 134 , 134 , 134 , 134 , 134 , 134 , 134 , 134 , 134 , 134 , 134 , 134 , 134 , 134 , 134 , 134 , 134 , 134 , 134 , 134 , 134 , 134 , 134 , 134 , 134 , 134 , 134 ,  
134 , 133 , 134 , 133 , 134 , 133 , 134 , 133 , 134 , 133 , 134 , 133 , 134 , 133 , 134 , 133 , 134 , 133 , 134 , 133 , 134 , 133 , 134 , 133 , 134 , 133 , 134 , 133 , 134 , 133 , 134 , 133 ,  
133 , 133 , 133 , 133 , 133 , 133 , 133 , 133 , 133 , 133 , 133 , 133 , 133 , 133 , 133 , 133 , 133 , 133 , 133 , 133 , 133 , 133 , 133 , 133 , 133 , 133 , 133 , 133 , 133 , 133 , 133 , 133 ,  
133 , 133 , 133 , 133 , 133 , 133 , 133 , 133 , 133 , 133 , 133 , 133 , 133 , 133 , 133 , 133 , 133 , 133 , 133 , 133 , 133 , 133 , 133 , 133 , 133 , 133 , 133 , 133 , 133 , 133 , 133 , 133 ,  
133 , 133 , 133 , 133 , 133 , 133 , 133 , 133 , 133 , 133 , 133 , 133 , 133 , 133 , 133 , 133 , 133 , 133 , 133 , 133 , 133 , 133 , 133 , 133 , 133 , 133 , 133 , 133 , 133 , 133 , 133 , 133 ,  
133 , 133 , 133 , 133 , 133 , 133 , 133 , 133 , 133 , 133 , 133 , 133 , 133 , 133 , 133 , 133 , 133 , 133 , 133 , 133 , 133 , 133 , 133 , 133 , 133 , 133 , 133 , 133 , 133 , 133 , 133 , 133 ,  
133 , 133 , 133 , 133 , 133 , 133 , 133 , 133 , 133 , 133 , 133 , 133 , 133 , 133 , 133 , 133 , 133 , 133 , 133 , 133 , 133 , 133 , 133 , 133 , 133 , 133 , 133 , 133 , 133 , 133 , 133 , 133 ,  
133 , 133 , 133 , 133 , 133 , 133 , 133 , 133 , 133 , 133 , 133 , 133 , 133 , 133 , 133 , 133 , 133 , 133 , 133 , 133 , 133 , 133 , 133 , 133 , 133 , 133 , 133 , 133 , 133 , 133 , 133 , 133 ,  
133 , 133 , 133 , 133 , 133 , 133 , 133 , 133 , 133 , 133 , 133 , 133 , 133 , 133 , 133 , 133 , 133 , 133 , 133 , 133 , 133 , 133 , 133 , 133 , 133 , 133 , 133 , 133 , 133 , 133 , 133 , 133 ,  
133 , 133 , 133 , 133 , 133 , 133 , 133 , 133 , 133 , 133 , 133 , 133 , 133 , 133 , 133 , 133 , 133 , 133 , 133 , 133 , 133 , 133 , 133 , 133 , 133 , 133 , 133 , 133 , 133 , 133 , 133 , 133 ,  
133 , 133 , 133 , 133 , 133 , 133 , 133 , 133 , 133 , 133 , 133 , 133 , 133 , 133 , 133 , 133 , 133 , 133 , 133 , 133 , 133 , 133 , 133 , 133 , 133 , 133 , 133 , 133 , 133 , 133 , 133 , 133 ,  
133 , 133 , 133 , 133 , 133 , 133 , 133 , 133 , 133 , 133 , 133 , 133 , 133 , 133 , 133 , 133 , 133 , 133 , 133 , 133 , 133 , 133 , 133 , 133 , 133 , 133 , 133 , 133 , 133 , 133 , 133 , 133 ,  
133 , 132 , 133 , 132 , 133 , 132 , 133 , 132 , 133 , 132 , 133 , 132 , 133 , 132 , 133 , 132 , 133 , 132 , 133 , 132 , 133 , 132 , 133 , 132 , 133 , 132 , 133 , 132 , 133 , 132 , 133 , 132 ,  
132 , 132 , 132 , 132 , 132 , 132 , 132 , 132 , 132 , 132 , 132 , 132 , 132 , 132 , 132 , 132 , 132 , 132 , 132 , 132 , 132 , 132 , 132 , 132 , 132 , 132 , 132 , 132 , 132 , 132 , 132 , 132 ,  
132 , 132 , 132 , 132 , 132 , 132 , 132 , 132 , 132 , 132 , 132 , 132 , 132 , 132 , 132 , 132 , 132 , 132 , 132 , 132 , 132 , 132 , 132 , 132 , 132 , 132 , 132 , 132 , 132 , 132 , 132 , 132 ,  
132 , 132 , 132 , 132 , 132 , 132 , 132 , 132 , 132 , 132 , 132 , 132 , 132 , 132 , 132 , 132 , 132 , 132 , 132 , 132 , 132 , 132 , 132 , 132 , 132 , 132 , 132 , 132 , 132 , 132 , 132 , 132 ,  
132 , 132 , 132 , 132 , 132 , 132 , 132 , 132 , 132 , 132 , 132 , 132 , 132 , 132 , 132 , 132 , 132 , 132 , 132 , 132 , 132 , 132 , 132 , 132 , 132 , 132 , 132 , 132 , 132 , 132 , 132 , 132 ,  
132 , 132 , 132 , 132 , 132 , 132 , 132 , 132 , 132 , 132 , 132 , 132 , 132 , 132 , 132 , 132 , 132 , 132 , 132 , 132 , 132 , 132 , 132 , 132 , 132 , 132 , 132 , 132 , 132 , 132 , 132 , 132 ,  
132 , 132 , 132 , 132 , 132 , 132 , 132 , 132 , 132 , 132 , 132 , 132 , 132 , 132 , 132 , 132 , 132 , 132 , 132 , 132 , 132 , 132 , 132 , 132 , 132 , 132 , 132 , 132 , 132 , 132 , 132 , 132 ,  
132 , 132 , 132 , 132 , 132 , 132 , 132 , 132 , 132 , 132 , 132 , 132 , 132 , 132 , 132 , 132 , 132 , 132 , 132 , 132 , 132 , 132 , 132 , 132 , 132 , 132 , 132 , 132 , 132 , 132 , 132 , 132 ,  
132 , 132 , 132 , 132 , 132 , 132 , 132 , 132 , 132 , 132 , 132 , 132 , 132 , 132 , 132 , 132 , 132 , 132 , 132 , 132 , 132 , 132 , 132 , 132 , 132 , 132 , 132 , 132 , 132 , 132 , 132 , 132 ,  
132 , 132 , 132 , 132 , 132 , 132 , 132 , 132 , 132 , 132 , 132 , 132 , 132 , 132 , 132 , 132 , 132 , 132 , 132 , 132 , 132 , 132 , 132 , 132 , 132 , 132 , 132 , 132 , 132 , 132 , 132 , 132 ,  
132 , 132 , 132 , 132 , 132 , 132 , 132 , 132 , 132 , 132 , 132 , 132 , 132 , 132 , 132 , 132 , 132 , 132 , 132 , 132 , 132 , 132 , 132 , 132 , 132 , 132 , 132 , 132 , 132 , 132 , 132 , 132 ,  
132 , 132 , 132 , 132 , 132 , 132 , 132 , 132 , 132 , 132 , 132 , 132 , 132 , 132 , 132 , 132 , 132 , 132 , 132 , 132 , 132 , 132 , 132 , 132 , 132 , 132 , 132 , 132 , 132 , 132 , 132 , 132 ,  
131 , 131 , 131 , 131 , 131 , 131 , 131 , 131 , 131 , 131 , 131 , 131 , 131 , 131 , 131 , 131 , 131 , 131 , 131 , 131 , 131 , 131 , 131 , 131 , 131 , 131 , 131 , 131 , 131 , 131 , 131 , 131 ,  
131 , 131 , 131 , 131 , 131 , 131 , 131 , 131 , 131 , 131 , 131 , 131 , 131 , 131 , 131 , 131 , 131 , 131 , 131 , 131 , 131 , 131 , 131 , 131 , 131 , 131 , 131 , 131 , 131 , 131 , 131 , 131 ,  
131 , 131 , 131 , 131 , 131 , 131 , 131 , 131 , 131 , 131 , 131 , 131 , 131 , 131 , 131 , 131 , 131 , 131 , 131 , 131 , 131 , 131 , 131 , 131 , 131 , 131 , 131 , 131 , 131 , 131 , 131 , 131 ,  
131 , 131 , 131 , 131 , 131 , 131 , 131 , 131 , 131 , 131 , 131 , 131 , 131 , 131 , 131 , 131 , 131 , 131 , 131 , 131 , 131 , 131 , 131 , 131 , 131 , 131 , 131 , 131 , 131 , 131 , 131 , 131 ,  
131 , 131 , 131 , 131 , 131 , 131 , 131 , 131 , 131 , 131 , 131 , 131 , 131 , 131 , 131 , 131 , 131 , 131 , 131 , 131 , 131 , 131 , 131 , 131 , 131 , 131 , 131 , 131 , 131 , 131 , 131 , 131 ,  
131 , 131 , 131 , 131 , 131 , 131 , 131 , 131 , 131 , 131 , 131 , 131 , 131 , 131 , 131 , 131 , 131 , 131 , 131 , 131 , 131 , 131 , 131 , 131 , 131 , 131 , 131 , 131 , 131 , 131 , 131 , 131 ,  
131 , 131 , 131 , 131 , 131 , 131 , 131 , 131 , 131 , 131 , 131 , 131 , 131 , 131 , 131 , 131 , 131 , 131 , 131 , 131 , 131 , 131 , 131 , 131 , 131 , 131 , 131 , 131 , 131 , 131 , 131 , 131 ,  
131 , 131 , 131 , 131 , 131 , 131 , 131 , 131 , 131 , 131 , 131 , 131 , 131 , 131 , 131 , 131 , 131 , 131 , 131 , 131 , 131 , 131 , 131 , 131 , 131 , 131 , 131 , 131 , 131 , 131 , 131 , 131 ,  
131 , 131 , 131 , 131 , 131 , 131 , 131 , 131 , 131 , 131 , 131 , 131 , 131 , 131 , 131 , 131 , 131 , 131 , 131 , 131 , 131 , 131 , 131 , 131 , 131 , 131 , 131 , 131 , 131 , 131 , 131 , 131 ,  
131 , 131 , 131 , 131 , 131 , 131 , 131 , 131 , 131 , 131 , 131 , 131 , 131 , 131 , 131 , 131 , 131 , 131 , 131 , 131 , 131 , 131 , 131 , 131 , 131 , 131 , 131 , 131 , 131 , 131 , 131 , 131 ,  
131 , 131 , 131 , 131 , 131 , 131 , 131 , 131 , 131 , 131 , 131 , 131 , 131 , 131 , 131 , 131 , 131 , 131 , 131 , 131 , 131 , 131 , 131 , 131 , 131 , 131 , 131 , 131 , 131 , 131 , 131 , 131 ,  
131 , 131 , 131 , 131 , 131 , 131 , 131 , 131 , 131 , 131 , 131 , 131 , 131 , 131 , 131 , 131 , 131 , 131 , 131 , 131 , 131 , 131 , 131 , 131 , 131 , 131 , 131 , 131 , 131 , 131 , 131 , 131 ,  
130 , 130 , 130 , 130 , 130 , 130 , 130 , 130 , 130 , 130 , 130 , 130 , 130 , 130 , 130 , 130 , 130 , 130 , 130 , 130 , 130 , 130 , 130 , 130 , 130 , 130 , 130 , 130 , 130 , 130 , 130 , 130 ,  
130 , 130 , 130 , 130 , 130 , 130 , 130 , 130 , 130 , 130 , 130 , 130 , 130 , 130 , 130 , 130 , 130 , 130 , 130 , 130 , 130 , 130 , 130 , 130 , 130 , 130 , 130 , 130 , 130 , 130 , 130 , 130 ,  
130 , 130 , 130 , 130 , 130 , 130 , 130 , 130 , 130 , 130 , 130 , 130 , 130 , 130 , 130 , 130 , 130 , 130 , 130 , 130 , 130 , 130 , 130 , 130 , 130 , 130 , 130 , 130 , 130 , 130 , 130 , 130 ,  
130 , 130 , 130 , 130 , 130 , 130 , 130 , 130 , 130 , 130 , 130 , 130 , 130 , 130 , 130 , 130 , 130 , 130 , 130 , 130 , 130 , 130 , 130 , 130 , 130 , 130 , 130 , 130 , 130 , 130 , 130 , 130 ,  
130 , 130 , 130 , 130 , 130 , 130 , 130 , 130 , 130 , 130 , 130 , 130 , 130 , 130 , 130 , 130 , 130 , 130 , 130 , 130 , 130 , 130 , 130 , 130 , 130 , 130 , 130 , 130 , 130 , 130 , 130 , 130 ,  
130 , 130 , 130 , 130 , 130 , 130 , 130 , 130 , 130 , 130 , 130 , 130 , 130 , 130 , 130 , 130 , 130 , 130 , 130 , 130 , 130 , 130 , 130 , 130 , 130 , 130 , 130 , 130 , 130 , 130 , 130 , 130 ,  
130 , 130 , 130 , 130 , 130 , 130 , 130 , 130 , 130 , 130 , 130 , 130 , 130 , 130 , 130 , 130 , 130 , 130 , 130 , 130 , 130 , 130 , 130 , 130 , 130 , 130 , 130 , 130 , 130 , 130 , 130 , 130 ,  
130 , 130 , 130 , 130 , 130 , 130 , 130 , 130 , 130 , 130 , 130 , 130 , 130 , 130 , 130 , 130 , 130 , 130 , 130 , 130 , 130 , 130 , 130 , 130 , 130 , 130 , 130 , 130 , 130 , 130 , 130 , 130 ,  
130 , 130 , 130 , 130 , 130 , 130 , 130 , 130 , 130 , 130 , 130 , 130 , 130 , 130 , 130 , 130 , 130 , 130 , 130 , 130 , 130 , 130 , 130 , 130 , 130 , 130 , 130 , 130 , 130 , 130 , 130 , 130 ,  
130 , 130 , 130 , 130 , 130 , 130 , 130 , 130 , 130 , 130 , 130 , 130 , 130 , 130 , 130 , 130 , 130 , 130 , 130 , 130 , 130 , 130 , 130 , 130 , 130 , 130 , 130 , 130 , 130 , 130 , 130 , 130 ,  
130 , 130 , 130 , 130 , 130 , 130 , 130 , 130 , 130 , 130 , 130 , 130 , 130 , 130 , 130 , 130 , 130 , 130 , 130 , 130 , 130 , 130 , 130 , 130 , 130 , 130 , 130 , 130 , 130 , 130 , 130 , 130 ,  
130 , 130 , 130 , 130 , 130 , 130 , 130 , 130 , 130 , 130 , 130 , 130 , 130 , 130 , 130 , 130 , 130 , 130 , 130 , 130 , 130 , 130 , 130 , 130 , 130 , 130 , 130 , 130 , 130 , 130 , 130 , 130 ,  
129 , 129 , 129 , 129 , 129 , 129 , 129 , 129 , 129 , 129 , 129 , 129 , 129 , 129 , 129 , 129 , 129 , 129 , 129 , 129 , 129 , 129 , 129 , 129 , 129 , 129 , 129 , 129 , 129 , 129 , 129 , 129 ,  
129 , 129 , 129 , 129 , 129 , 129 , 129 , 129 , 129 , 129 , 129 , 129 , 129 , 129 , 129 , 129 , 129 , 129 , 129 , 129 , 129 , 129 , 129 , 129 , 129 , 129 , 129 , 129 , 129 , 129 , 129 , 129 ,  
129 , 129 , 129 , 129 , 129 , 129 , 129 , 129 , 129 , 129 , 129 , 129 , 129 , 129 , 129 , 129 , 129 , 129 , 129 , 129 , 129 , 129 , 129 , 129 , 129 , 129 , 129 , 129 , 129 , 129 , 129 , 129 ,  
129 , 129 , 129 , 129 , 129 , 129 , 129 , 129 , 129 , 129 , 129 , 129 , 129 , 129 , 129 , 129 , 129 , 129 , 129 , 129 , 129 , 129 , 129 , 129 , 129 , 129 , 129 , 129 , 129 , 129 , 129 , 129 ,  
129 , 129 , 129 , 129 , 129 , 129 , 129 , 129 , 129 , 129 , 129 , 129 , 129 , 129 , 129 , 129 , 129 , 129 , 129 , 129 , 129 , 129 , 129 , 129 , 129 , 129 , 129 , 129 , 129 , 129 , 129 , 129 ,  
129 , 129 , 129 , 129 , 129 , 129 , 129 , 129 , 129 , 129 , 129 , 129 , 129 , 129 , 129 , 129 , 129 , 129 , 129 , 129 , 129 , 129 , 129 , 129 , 129 , 129 , 129 , 129 , 129 , 129 , 129 , 129 ,  
129 , 129 , 129 , 129 , 129 , 129 , 129 , 129 , 129 , 129 , 129 , 129 , 129 , 129 , 129 , 129 , 129 , 129 , 129 , 129 , 129 , 129 , 129 , 129 , 129 , 129 , 129 , 129 , 129 , 129 , 129 , 129 ,  
129 , 129 , 129 , 129 , 129 , 129 , 129 , 129 , 129 , 129 , 129 , 129 , 129 , 129 , 129 , 129 , 129 , 129 , 129 , 129 , 129 , 129 , 129 , 129 , 129 , 129 , 129 , 129 , 129 , 129 , 129 , 129 ,  
129 , 129 , 129 , 129 , 129 , 129 , 129 , 129 , 129 , 129 , 129 , 129 , 129 , 129 , 129 , 129 , 129 , 129 , 129 , 129 , 129 , 129 , 129 , 129 , 129 , 129 , 129 , 129 , 129 , 129 , 129 , 129 ,  
129 , 129 , 129 , 129 , 129 , 129 , 129 , 129 , 129 , 129 , 129 , 129 , 129 , 129 , 129 , 129 , 129 , 129 , 129 , 129 , 129 , 129 , 129 , 129 , 129 , 129 , 129 , 129 , 129 , 129 , 129 , 129 ,  
129 , 129 , 129 , 129 , 129 , 129 , 129 , 129 , 129 , 129 , 129 , 129 , 129 , 129 , 129 , 129 , 129 , 129 , 129 , 129 , 129 , 129 , 129 , 129 , 129 , 129 , 129 , 129 , 129 , 129 , 129 , 129 ,  
129 , 128 , 129 , 128 , 129 , 128 , 129 , 128 , 129 , 128 , 129 , 128 , 129 , 128 , 129 , 128 , 129 , 128 , 129 , 128 , 129 , 128 , 129 , 128 , 129 , 128 , 129 , 128 , 129 , 128 , 129 , 128 ,  
128 , 128 , 128 , 128 , 128 , 128 , 128 , 128 , 128 , 128 , 128 , 128 , 128 , 128 , 128 , 128 , 128 , 128 , 128 , 128 , 128 , 128 , 128 , 128 , 128 , 128 , 128 , 128 , 128 , 128 , 128 , 128 ,  
128 , 128 , 128 , 128 , 128 , 128 , 128 , 128 , 128 , 128 , 128 , 128 , 128 , 128 , 128 , 128 , 128 , 128 , 128 , 128 , 128 , 128 , 128 , 128 , 128 , 128 , 128 , 128 , 128 , 128 , 128 , 128 ,  
128 , 128 , 128 , 128 , 128 , 128 , 128 , 128 , 128 , 128 , 128 , 128 , 128 , 128 , 128 , 128 , 128 , 128 , 128 , 128 , 128 , 128 , 128 , 128 , 128 , 128 , 128 , 128 , 128 , 128 , 128 , 128 ,  
128 , 128 , 128 , 128 , 128 , 128 , 128 , 128 , 128 , 128 , 128 , 128 , 128 , 128 , 128 , 128 , 128 , 128 , 128 , 128 , 128 , 128 , 128 , 128 , 128 , 128 , 128 , 128 , 128 , 128 , 128 , 128 ,  
128 , 128 , 128 , 128 , 128 , 128 , 128 , 128 , 128 , 128 , 128 , 128 , 128 , 128 , 128 , 128 , 128 , 128 , 128 , 128 , 128 , 128 , 128 , 128 , 128 , 128 , 128 , 128 , 128 , 128 , 128 , 128 ,  
128 , 0   , 128 , 0   , 128 , 0   , 128 , 0   , 128 , 0   , 128 , 0   , 128 , 0   , 128 , 0   , 128 , 0   , 128 , 0   , 128 , 0   , 128 , 0   , 128 , 0   , 128 , 0   , 128 , 0   , 128 , 0   ,  
